chrom	position	2,0	1,1	0,2
Chrom1	22043	0.9463	0.0537	4.6456e-07
Chrom1	23135	0.941732	0.0582654	2.27905e-06
Chrom1	24376	0.903944	0.0960499	6.06139e-06
Chrom1	40025	0.931492	0.0685068	1.48605e-06
Chrom1	71493	0.894524	0.105474	1.4579e-06
Chrom1	74381	0.832315	0.167684	1.82862e-07
Chrom1	78086	0.89084	0.109159	1.16924e-06
Chrom1	141357	0.739251	0.260749	5.00951e-07
Chrom1	142437	0.895448	0.104552	1.5191e-07
Chrom1	145265	0.934835	0.0651654	3.25163e-08
Chrom1	147704	0.906926	0.0930743	7.39335e-09
Chrom1	150806	0.875075	0.124925	6.18185e-08
Chrom1	155147	0.889891	0.110109	2.66016e-08
Chrom1	156218	0.916472	0.0835277	1.13507e-08
Chrom1	157429	0.919153	0.0808469	1.13353e-08
Chrom1	159411	0.914003	0.0859973	1.00997e-08
Chrom1	166143	0.858507	0.141493	1.1078e-10
Chrom1	168857	0.860098	0.139902	1.12078e-11
Chrom1	170580	0.945577	0.0544229	3.68176e-12
Chrom1	172272	0.916142	0.0838577	8.16186e-11
Chrom1	174349	0.859256	0.140744	9.77128e-12
Chrom1	176578	0.913369	0.0866306	2.20046e-10
Chrom1	178728	0.904198	0.0958021	3.4382e-10
Chrom1	182154	0.907629	0.0923708	1.08408e-11
Chrom1	183166	0.928764	0.0712359	3.6544e-11
Chrom1	185562	0.929409	0.0705911	1.09431e-10
Chrom1	196026	0.904351	0.0956492	1.64093e-09
Chrom1	200468	0.945478	0.0545217	2.849e-10
Chrom1	201551	0.929659	0.070341	3.56605e-10
Chrom1	202582	0.91305	0.08695	6.60699e-10
Chrom1	206962	0.919116	0.0808838	1.98023e-10
Chrom1	208769	0.964027	0.035973	1.57742e-11
Chrom1	214462	0.920216	0.0797839	7.90127e-10
Chrom1	235392	0.929677	0.0703231	1.93449e-09
Chrom1	236430	0.885141	0.114859	5.10136e-09
Chrom1	237433	0.919901	0.080099	6.67249e-10
Chrom1	238648	0.871661	0.128339	6.77146e-09
Chrom1	255920	0.892448	0.107552	5.50379e-10
Chrom1	257788	0.790492	0.209508	2.61109e-08
Chrom1	260446	0.93111	0.0688902	3.09922e-09
Chrom1	264040	0.903081	0.096919	7.63156e-09
Chrom1	269419	0.91292	0.0870802	7.03842e-09
Chrom1	272580	0.943299	0.0567013	3.11879e-09
Chrom1	310408	0.821241	0.178759	7.0206e-10
Chrom1	340991	0.944276	0.0557243	5.13006e-10
Chrom1	345233	0.842699	0.157301	6.22972e-11
Chrom1	347205	0.877178	0.122822	6.25535e-11
Chrom1	349026	0.886994	0.113006	2.68086e-09
Chrom1	350051	0.790947	0.209053	8.933e-09
Chrom1	352155	0.945367	0.0546332	1.9515e-10
Chrom1	367723	0.871722	0.128278	9.83022e-08
Chrom1	495613	0.862003	0.137997	1.2084e-09
Chrom1	506155	0.905931	0.0940692	3.56455e-09
Chrom1	511162	0.841204	0.158796	1.90172e-10
Chrom1	532721	0.555825	0.444175	3.63388e-09
Chrom1	533739	0.9012	0.0987999	1.34384e-09
Chrom1	534777	0.832089	0.167911	3.60853e-09
Chrom1	536560	0.964803	0.0351968	4.744e-12
Chrom1	537611	0.885275	0.114725	1.67547e-10
Chrom1	538781	0.818029	0.181971	3.08646e-12
Chrom1	539857	0.816926	0.183074	4.74172e-12
Chrom1	541064	0.92719	0.0728098	1.43122e-10
Chrom1	542736	0.906081	0.0939195	5.97695e-10
Chrom1	554392	0.858893	0.141107	8.63583e-11
Chrom1	566500	0.918473	0.0815267	1.47545e-10
Chrom1	568755	0.90122	0.0987803	1.93353e-10
Chrom1	636344	0.947144	0.0528558	7.38049e-09
Chrom1	705849	0.854026	0.145974	3.14505e-09
Chrom1	717236	0.930653	0.069347	2.9565e-08
Chrom1	720626	0.925731	0.074269	3.9623e-08
Chrom1	749815	0.952743	0.0472571	3.24021e-08
Chrom1	852403	0.932059	0.0679405	1.41726e-07
Chrom1	893880	0.949309	0.0506906	2.65405e-08
Chrom1	896526	0.949694	0.0503056	2.11866e-08
Chrom1	900852	0.973227	0.0267733	6.57839e-10
Chrom1	902283	0.876678	0.123322	4.15737e-08
Chrom1	918854	0.957161	0.0428389	1.03885e-08
Chrom1	919917	0.978811	0.0211893	2.10008e-09
Chrom1	922447	0.95702	0.0429799	5.34972e-09
Chrom1	933148	0.955138	0.0448622	2.91564e-08
Chrom1	1093865	0.963677	0.0363228	4.8858e-08
Chrom1	1162127	0.962943	0.0370567	4.0834e-10
Chrom1	1169636	0.973317	0.0266832	2.60616e-09
Chrom1	1175245	0.976187	0.0238131	1.52427e-09
Chrom1	1176900	0.976429	0.0235712	1.27149e-09
Chrom1	1179010	0.992457	0.00754332	8.24074e-11
Chrom1	1194054	0.99691	0.00308952	3.64168e-12
Chrom1	1199489	0.959457	0.0405435	1.44397e-09
Chrom1	1203549	0.971259	0.0287414	2.9058e-11
Chrom1	1207266	0.978893	0.0211065	2.26287e-10
Chrom1	1218100	0.977073	0.0229266	4.58456e-11
Chrom1	1219338	0.971092	0.028908	8.08547e-10
Chrom1	1232630	0.971655	0.0283448	1.51831e-10
Chrom1	1280060	0.970269	0.0297306	7.64714e-09
Chrom1	1282118	0.974395	0.025605	5.64507e-09
Chrom1	1283228	0.981861	0.0181393	2.54523e-09
Chrom1	1284985	0.993499	0.00650086	2.91026e-10
Chrom1	1288969	0.979346	0.020654	2.82272e-09
Chrom1	1302901	0.981765	0.0182354	1.36689e-09
Chrom1	1304749	0.974905	0.0250952	2.31804e-09
Chrom1	1306750	0.988079	0.0119207	1.78541e-10
Chrom1	1309961	0.958735	0.0412654	3.58368e-09
Chrom1	1317678	0.979682	0.0203177	4.50291e-10
Chrom1	1318981	0.990508	0.00949229	6.35586e-11
Chrom1	1322716	0.96565	0.0343502	5.77781e-12
Chrom1	1323726	0.994387	0.00561278	1.07697e-12
Chrom1	1325321	0.965906	0.034094	7.33486e-11
Chrom1	1336085	0.993695	0.00630548	7.66289e-11
Chrom1	1347753	0.986901	0.0130989	8.99618e-10
Chrom1	1397263	0.987905	0.0120954	1.17373e-10
Chrom1	1401553	0.995304	0.00469559	1.14695e-11
Chrom1	1436099	0.994998	0.00500184	1.32127e-11
Chrom1	1456349	0.993585	0.00641525	9.2874e-12
Chrom1	1457362	0.98722	0.0127803	5.09462e-12
Chrom1	1459270	0.967136	0.0328642	5.39785e-11
Chrom1	1469496	0.814532	0.185468	4.50409e-08
Chrom1	1608111	0.959654	0.0403459	5.05194e-08
Chrom1	1792838	0.972621	0.0273791	1.2526e-08
Chrom1	1969396	0.462866	0.537131	3.15622e-06
Chrom1	2212469	0.875487	0.124509	3.69804e-06
Chrom1	2255703	0.897708	0.10229	2.38586e-06
Chrom1	2501734	0.898027	0.101972	1.24005e-06
Chrom1	2642431	0.992071	0.00792913	9.97659e-10
Chrom1	2689535	0.857661	0.142338	1.17605e-07
Chrom1	2691018	0.866305	0.133695	1.01019e-07
Chrom1	2714575	0.852415	0.147585	2.02675e-08
Chrom1	2790317	0.756112	0.243888	2.40145e-07
Chrom1	2831551	0.695586	0.304414	4.7845e-09
Chrom1	2847529	0.77227	0.22773	3.93413e-08
Chrom1	2851172	0.736966	0.263034	5.60416e-08
Chrom1	2875162	0.737074	0.262926	3.43474e-08
Chrom1	2881408	0.611927	0.388073	3.67622e-09
Chrom1	2882687	0.525394	0.474606	7.35128e-08
Chrom1	2911017	0.711811	0.288189	8.71938e-08
Chrom1	2920006	0.751489	0.248511	2.43134e-08
Chrom1	2961592	0.679761	0.320238	2.23898e-07
Chrom1	2962981	0.6568	0.3432	2.65198e-07
Chrom1	2964100	0.796486	0.203514	4.07037e-08
Chrom1	2965176	0.710047	0.289952	1.42047e-07
Chrom1	2967817	0.507624	0.492375	7.82443e-07
Chrom1	2978424	0.717218	0.282782	1.81522e-07
Chrom1	2985338	0.671946	0.328054	3.63467e-08
Chrom1	3024789	0.691616	0.308383	9.7108e-07
Chrom1	3047305	0.381564	0.618431	4.52171e-06
Chrom1	3059340	0.492809	0.507188	2.94523e-06
Chrom1	3131111	0.744908	0.255091	4.83204e-07
Chrom1	3176594	0.728381	0.271619	2.0923e-07
Chrom1	3177974	0.826755	0.173245	6.99931e-08
Chrom1	3207662	0.474835	0.525165	3.04978e-07
Chrom1	3210291	0.684736	0.315264	1.22245e-07
Chrom1	3221808	0.56634	0.43366	2.43356e-09
Chrom1	3222811	0.51338	0.48662	1.35558e-09
Chrom1	3224291	0.798755	0.201245	6.12579e-09
Chrom1	3226717	0.663563	0.336437	4.53308e-08
Chrom1	3227728	0.659311	0.340689	6.58582e-08
Chrom1	3228743	0.707819	0.292181	3.26715e-08
Chrom1	3230792	0.623508	0.376492	1.51931e-07
Chrom1	3323454	0.708174	0.291826	5.55693e-07
Chrom1	3324508	0.394051	0.605947	1.62665e-06
Chrom1	3396258	0.713216	0.286784	1.47667e-07
Chrom1	3407534	0.702807	0.297193	1.53517e-07
Chrom1	3426969	0.804732	0.195268	2.02925e-09
Chrom1	3457918	0.926664	0.0733355	1.31367e-10
Chrom1	3461243	0.738315	0.261685	1.35643e-09
Chrom1	3468068	0.324226	0.675774	5.34948e-09
Chrom1	3469169	0.693547	0.306453	1.28347e-10
Chrom1	3472494	0.738256	0.261744	1.66976e-10
Chrom1	3473500	0.695128	0.304872	6.91248e-10
Chrom1	3475782	0.75723	0.24277	2.74009e-10
Chrom1	3477854	0.538208	0.461792	7.63109e-11
Chrom1	3483601	0.487239	0.512761	8.45683e-09
Chrom1	3485565	0.51468	0.48532	1.63438e-10
Chrom1	3493954	0.708148	0.291852	1.81676e-09
Chrom1	3494967	0.313567	0.686433	4.86866e-09
Chrom1	3495989	0.69091	0.30909	1.44046e-10
Chrom1	3505535	0.610191	0.389809	2.65024e-11
Chrom1	3506550	0.951605	0.0483953	5.83349e-12
Chrom1	3513103	0.668612	0.331388	4.70815e-09
Chrom1	3516942	0.597399	0.402601	5.45e-10
Chrom1	3520340	0.7929	0.2071	1.93897e-09
Chrom1	3521534	0.633739	0.366261	3.63716e-08
Chrom1	3522741	0.805165	0.194835	1.13217e-08
Chrom1	3531900	0.543256	0.456744	4.47266e-07
Chrom1	3534075	0.558125	0.441874	4.18782e-07
Chrom1	3601863	0.786836	0.213164	7.20915e-09
Chrom1	3605607	0.924163	0.0758371	1.16166e-09
Chrom1	3648090	0.73231	0.26769	4.24908e-08
Chrom1	3657172	0.665098	0.334902	1.14249e-07
Chrom1	3691350	0.787855	0.212145	5.85916e-09
Chrom1	3695849	0.720654	0.279346	7.1809e-09
Chrom1	3696913	0.905131	0.0948694	3.01483e-10
Chrom1	3700957	0.683978	0.316022	1.17338e-08
Chrom1	3703648	0.709164	0.290836	1.09892e-08
Chrom1	3715494	0.857959	0.142041	6.8153e-10
Chrom1	3716766	0.817946	0.182054	5.15931e-09
Chrom1	3723428	0.802192	0.197808	2.18676e-08
Chrom1	3765302	0.365392	0.634606	1.84658e-06
Chrom1	3781199	0.578795	0.421204	8.736e-07
Chrom1	4009378	0.102201	0.897799	1.25555e-07
Chrom1	4011007	0.191285	0.808715	4.30532e-09
Chrom1	4013105	0.187622	0.812378	5.41335e-10
Chrom1	4014463	0.0863536	0.913646	1.91611e-10
Chrom1	4017325	0.179991	0.820009	3.92191e-09
Chrom1	4020778	0.18856	0.81144	4.07058e-09
Chrom1	4024726	0.122306	0.877694	3.36661e-10
Chrom1	4026362	0.234215	0.765785	2.95135e-09
Chrom1	4036865	0.124532	0.875468	2.76693e-09
Chrom1	4043899	0.142631	0.857368	7.32914e-08
Chrom1	4071858	0.125161	0.874839	6.24475e-08
Chrom1	4080213	0.0562456	0.943754	2.65289e-07
Chrom1	4156961	0.0181153	0.981885	1.5092e-07
Chrom1	4158046	0.0171283	0.982872	1.33098e-07
Chrom1	4160602	0.0165181	0.983482	8.0428e-08
Chrom1	4161849	0.0120278	0.987972	7.89819e-08
Chrom1	4165188	0.00922688	0.990773	7.01259e-10
Chrom1	4166189	0.00588167	0.994118	2.56476e-10
Chrom1	4167652	0.00420034	0.9958	5.02531e-09
Chrom1	4168796	0.00646072	0.993539	3.58925e-09
Chrom1	4169860	0.00682833	0.993172	1.17432e-10
Chrom1	4170927	0.00552129	0.994479	2.60255e-10
Chrom1	4181470	0.00663895	0.993361	4.12623e-09
Chrom1	4182885	0.00335465	0.996645	8.69609e-08
Chrom1	4183935	0.0129277	0.987072	3.66536e-08
Chrom1	4206688	0.00339951	0.9966	5.36832e-07
Chrom1	4250036	0.00423035	0.99577	1.06299e-07
Chrom1	4273773	0.00463031	0.99537	1.7402e-07
Chrom1	4311525	0.00139491	0.998599	6.28903e-06
Chrom1	4314055	0.00352591	0.99647	3.66812e-06
Chrom1	4315208	0.00152045	0.998474	5.49457e-06
Chrom1	4338872	0.00139882	0.998594	7.30201e-06
Chrom1	4441523	0.00306961	0.996929	1.78617e-06
Chrom1	4442578	0.00433822	0.995661	1.26563e-06
Chrom1	4445195	0.00185297	0.998147	3.2335e-07
Chrom1	4643193	0.000826168	0.999161	1.24867e-05
Chrom1	4682170	0.00155483	0.998435	9.9962e-06
Chrom1	4816654	0.000925388	0.999072	2.26967e-06
Chrom1	5018403	0.000264311	0.999731	4.73818e-06
Chrom1	5055535	0.00021223	0.999787	1.24965e-06
Chrom1	5064839	0.000168029	0.999831	6.51288e-07
Chrom1	5072446	0.000107263	0.999893	6.10329e-09
Chrom1	5076237	9.63547e-05	0.999904	1.37397e-09
Chrom1	5078644	6.45799e-05	0.999935	1.32187e-09
Chrom1	5079715	6.1322e-05	0.999939	3.54368e-08
Chrom1	5100719	5.63458e-05	0.999943	1.63281e-07
Chrom1	5103782	8.4408e-05	0.999916	4.07283e-09
Chrom1	5121924	0.000100048	0.9999	9.51302e-08
Chrom1	5140292	5.97743e-05	0.99994	9.26857e-10
Chrom1	5142056	0.000130368	0.99987	9.18823e-09
Chrom1	5145689	5.87288e-05	0.999941	1.08802e-08
Chrom1	5147179	9.39662e-05	0.999906	3.64026e-10
Chrom1	5150854	0.000201808	0.999798	9.73702e-10
Chrom1	5152076	0.000313389	0.999687	5.55945e-10
Chrom1	5153294	8.24392e-05	0.999918	1.11234e-10
Chrom1	5154295	0.00102044	0.99898	3.16474e-10
Chrom1	5155644	0.000143876	0.999856	3.11467e-08
Chrom1	5158679	0.000154382	0.999846	8.48416e-08
Chrom1	5209156	0.000187622	0.999812	2.88394e-07
Chrom1	5217165	5.6511e-05	0.999942	1.27346e-06
Chrom1	5281243	0.000124655	0.999875	3.62791e-07
Chrom1	5282457	0.000112225	0.999888	3.77628e-08
Chrom1	5314478	0.000178803	0.999821	4.11259e-07
Chrom1	5358588	0.000442842	0.999557	3.3083e-08
Chrom1	5467216	0.00015973	0.99984	1.52043e-07
Chrom1	5485004	0.000162999	0.999837	1.51699e-07
Chrom1	5505192	7.43098e-05	0.999926	8.66514e-08
Chrom1	5506689	6.66597e-05	0.999933	7.70221e-09
Chrom1	5507734	8.33289e-05	0.999917	5.67525e-08
Chrom1	5528175	0.000320844	0.999679	2.64343e-09
Chrom1	5548878	9.92836e-07	0.999999	2.36126e-08
Chrom1	5556254	3.46303e-06	0.999997	3.6113e-09
Chrom1	5565326	4.0266e-06	0.999996	1.98733e-08
Chrom1	5570465	2.29994e-06	0.999998	8.5769e-10
Chrom1	5571702	1.77927e-06	0.999998	1.3608e-08
Chrom1	5572751	2.6575e-06	0.999997	1.0976e-08
Chrom1	5579404	1.88401e-06	0.999998	1.07208e-09
Chrom1	5580595	1.86006e-06	0.999998	9.90964e-09
Chrom1	5581940	1.18323e-06	0.999999	1.53762e-09
Chrom1	5588121	1.31467e-06	0.999999	1.50758e-07
Chrom1	5598639	6.40092e-07	0.999999	3.18445e-07
Chrom1	5600567	2.02584e-07	0.999999	5.87981e-07
Chrom1	5601694	1.9068e-07	0.999999	5.94567e-07
Chrom1	5617216	4.27974e-08	0.999999	7.40834e-07
Chrom1	5619919	2.7139e-08	1	4.71937e-07
Chrom1	5621095	2.9432e-08	1	3.86351e-07
Chrom1	5623741	4.3115e-08	1	1.72466e-08
Chrom1	5624764	2.15685e-08	1	3.08273e-07
Chrom1	5626171	4.30469e-07	1	1.07719e-08
Chrom1	5627842	3.71656e-09	1	3.77741e-07
Chrom1	5629781	3.11301e-08	1	1.80002e-08
Chrom1	5634257	1.41423e-08	1	2.83375e-07
Chrom1	5668624	8.83785e-08	0.999999	5.18018e-07
Chrom1	5669858	1.36545e-08	1	3.9154e-07
Chrom1	5719402	1.92723e-07	1	1.81056e-09
Chrom1	5729213	4.93195e-07	1	5.90063e-09
Chrom1	5730949	3.62352e-07	1	2.71954e-10
Chrom1	5732401	2.10458e-07	1	6.33299e-09
Chrom1	5733642	2.81263e-07	1	3.61318e-11
Chrom1	5734690	2.04463e-06	0.999998	3.53153e-11
Chrom1	5750254	4.58022e-07	1	4.13683e-08
Chrom1	5751315	1.43868e-06	0.999999	5.1747e-09
Chrom1	5775027	4.37034e-07	1	2.00029e-09
Chrom1	5817820	5.9548e-07	0.999999	6.86981e-09
Chrom1	5818957	1.21329e-06	0.999999	7.01947e-08
Chrom1	5896449	3.87537e-07	1	6.44439e-08
Chrom1	5897931	3.67349e-08	1	5.62089e-08
Chrom1	5900022	3.50309e-07	1	3.13937e-08
Chrom1	5903690	8.29338e-08	1	3.70442e-10
Chrom1	5905261	6.85333e-07	0.999999	5.20937e-11
Chrom1	5909163	1.94366e-06	0.999998	1.9979e-11
Chrom1	5910258	7.26647e-07	0.999999	2.42783e-11
Chrom1	5912424	5.67251e-07	0.999999	1.10366e-10
Chrom1	5915022	1.60424e-08	1	1.61753e-08
Chrom1	5917684	1.61108e-08	1	1.14738e-08
Chrom1	5918888	4.61795e-08	1	1.25819e-09
Chrom1	5931883	8.32462e-10	1	1.63703e-08
Chrom1	5932930	4.16627e-09	1	2.76037e-09
Chrom1	5934448	4.40059e-09	1	4.72603e-09
Chrom1	5935628	6.54402e-09	1	4.08801e-07
Chrom1	5936847	8.69981e-09	0.999999	5.13444e-07
Chrom1	5952816	1.967e-08	0.999999	1.33292e-06
Chrom1	6030992	4.82683e-07	0.999991	8.85373e-06
Chrom1	6031992	1.34444e-07	0.999998	1.78362e-06
Chrom1	6033964	1.84168e-06	0.999994	3.9216e-06
Chrom1	6035479	4.27268e-06	0.999994	1.79265e-06
Chrom1	6075156	4.88702e-06	0.999984	1.11588e-05
Chrom1	6242416	1.46603e-05	0.999962	2.37623e-05
Chrom1	6283797	1.99681e-05	0.999961	1.90384e-05
Chrom1	6494474	2.35188e-05	0.999976	4.03592e-07
Chrom1	6495523	6.54271e-05	0.999934	8.66282e-08
Chrom1	6496556	5.26003e-05	0.999947	6.70641e-08
Chrom1	6497562	2.38366e-05	0.999976	9.88844e-08
Chrom1	6498578	3.11688e-05	0.999969	6.80753e-09
Chrom1	6500643	2.45618e-05	0.999975	3.32863e-08
Chrom1	6503225	1.44555e-05	0.999986	9.75831e-10
Chrom1	6504647	5.09885e-05	0.999949	1.16063e-09
Chrom1	6562859	1.21046e-05	0.999987	5.85836e-07
Chrom1	6583240	1.34037e-05	0.999986	2.22708e-07
Chrom1	6584527	6.32204e-06	0.999993	4.5308e-07
Chrom1	6585547	6.46998e-06	0.999993	3.50274e-07
Chrom1	6596996	3.0369e-06	0.999997	2.32702e-07
Chrom1	6598069	1.63344e-06	0.999998	2.07144e-08
Chrom1	6599169	6.52336e-06	0.999993	1.12797e-07
Chrom1	6600288	1.02123e-05	0.99999	6.84304e-08
Chrom1	6603319	5.64397e-07	0.999999	1.16706e-07
Chrom1	6653045	1.28851e-05	0.999987	3.72715e-07
Chrom1	6676652	1.04299e-05	0.999989	3.30535e-07
Chrom1	6679715	3.43958e-05	0.999966	8.18411e-08
Chrom1	6681433	2.18326e-05	0.999978	1.30589e-07
Chrom1	6693597	2.02866e-06	0.999998	1.72923e-07
Chrom1	6708647	1.09215e-05	0.999989	2.67943e-08
Chrom1	6823670	1.89417e-05	0.999981	2.81022e-07
Chrom1	6825592	1.24601e-05	0.999988	3.4531e-09
Chrom1	6826598	8.3918e-05	0.999916	4.9873e-09
Chrom1	6927424	0.000217786	0.999782	3.16597e-07
Chrom1	6929125	0.000413784	0.999586	5.10664e-08
Chrom1	7211846	0.000161553	0.999836	2.18064e-06
Chrom1	7336953	8.99044e-05	0.99991	5.49453e-09
Chrom1	7337979	7.56608e-05	0.999924	7.28256e-09
Chrom1	7339797	0.000303194	0.999697	1.49436e-08
Chrom1	7341511	7.10509e-05	0.999929	8.43888e-08
Chrom1	7342576	0.000343328	0.999657	1.98449e-08
Chrom1	7344550	5.42313e-05	0.999946	6.34819e-09
Chrom1	7395518	3.00994e-05	0.999956	1.37176e-05
Chrom1	7455170	0.000108438	0.999877	1.47491e-05
Chrom1	7508629	6.5401e-05	0.999901	3.31558e-05
Chrom1	7510460	0.00011937	0.999872	8.3869e-06
Chrom1	7513253	2.09428e-05	0.999954	2.50248e-05
Chrom1	7517725	0.000103169	0.999875	2.23193e-05
Chrom1	7860905	0.000282946	0.999658	5.86436e-05
Chrom1	8053995	0.000451724	0.999513	3.51946e-05
Chrom1	8179116	0.000716099	0.99928	4.05807e-06
Chrom1	8223442	0.000573555	0.999417	9.00918e-06
Chrom1	8254505	0.000857279	0.999141	1.49056e-06
Chrom1	8307278	0.000632921	0.999362	5.53376e-06
Chrom1	8367487	0.000811822	0.999185	2.77139e-06
Chrom1	8401094	0.000640826	0.999357	1.88811e-06
Chrom1	8412332	0.00168272	0.998317	3.89682e-07
Chrom1	8413344	0.000741043	0.999258	9.22532e-07
Chrom1	8415516	0.00102124	0.998978	3.44711e-07
Chrom1	8417334	0.000471421	0.999527	1.20381e-06
Chrom1	8418420	0.000854915	0.999144	7.69256e-07
Chrom1	8425864	0.00078145	0.999218	8.06887e-07
Chrom1	8441458	0.000926642	0.999073	1.92232e-07
Chrom1	8442539	0.000790222	0.999209	7.36658e-07
Chrom1	8444821	0.000734167	0.999265	8.69646e-07
Chrom1	8445821	0.000486919	0.999512	1.45404e-06
Chrom1	8449619	0.000651175	0.999348	1.08378e-06
Chrom1	8454772	0.000274901	0.999724	1.35173e-06
Chrom1	8486354	0.00083974	0.99916	6.64162e-07
Chrom1	8509224	0.000774785	0.999225	3.83668e-07
Chrom1	8510230	0.000886893	0.999113	3.10801e-07
Chrom1	8525074	0.00111113	0.998889	4.88256e-08
Chrom1	8528096	0.000970223	0.99903	5.53864e-09
Chrom1	8531117	0.00226454	0.997735	9.54786e-10
Chrom1	8534114	0.00137314	0.998627	9.78223e-09
Chrom1	8554570	0.00140585	0.998594	5.60736e-09
Chrom1	8596564	0.000501947	0.999498	5.51998e-07
Chrom1	8597690	0.000684336	0.999315	3.97489e-07
Chrom1	8601171	0.000756117	0.999244	1.21962e-07
Chrom1	8603315	0.000669467	0.99933	4.46885e-07
Chrom1	8608939	0.000187263	0.999812	7.74103e-07
Chrom1	8612578	0.000740667	0.999259	5.03528e-07
Chrom1	8807199	4.31963e-05	0.999953	3.64858e-06
Chrom1	8823318	3.67875e-05	0.999962	1.48373e-06
Chrom1	8828182	3.54209e-05	0.999964	8.9991e-08
Chrom1	8829495	8.76371e-06	0.999989	2.15042e-06
Chrom1	8830583	2.00073e-05	0.999978	2.30756e-06
Chrom1	8832021	3.24794e-05	0.999966	1.08171e-06
Chrom1	8833722	6.97313e-05	0.99993	5.96814e-08
Chrom1	8843583	3.21461e-05	0.999968	2.20768e-09
Chrom1	8844853	0.000286262	0.999714	2.49665e-09
Chrom1	8851388	0.000230945	0.999769	1.24739e-08
Chrom1	8907934	9.30975e-05	0.999907	4.22229e-08
Chrom1	8911970	6.74603e-05	0.999933	6.199e-10
Chrom1	8914842	8.38308e-05	0.999916	3.27242e-09
Chrom1	8915843	0.000156632	0.999843	2.18959e-10
Chrom1	8917222	0.000218792	0.999781	3.97058e-10
Chrom1	8919864	0.000104132	0.999896	6.10406e-09
Chrom1	8920907	9.80033e-05	0.999902	2.10126e-08
Chrom1	9005285	3.62103e-05	0.999963	3.43529e-07
Chrom1	9034115	7.86754e-07	0.999992	6.91304e-06
Chrom1	9035958	9.21757e-06	0.999991	1.82752e-07
Chrom1	9038365	7.4252e-06	0.999992	2.17822e-07
Chrom1	9039537	1.9037e-06	0.999998	1.32285e-07
Chrom1	9041723	4.37603e-06	0.999996	7.21548e-09
Chrom1	9053896	6.67e-06	0.999993	1.34395e-08
Chrom1	9055202	5.1523e-05	0.999948	7.35162e-10
Chrom1	9056329	4.56587e-06	0.999995	3.54711e-10
Chrom1	9058527	6.09134e-06	0.999994	6.51993e-09
Chrom1	9060237	1.78337e-06	0.999998	1.05075e-08
Chrom1	9062045	4.97705e-06	0.999995	8.76165e-09
Chrom1	9063196	2.91607e-06	0.999997	1.25055e-09
Chrom1	9067532	9.21564e-06	0.999991	7.09708e-09
Chrom1	9079556	1.09497e-05	0.999989	6.57449e-10
Chrom1	9081163	5.29597e-06	0.999995	1.09184e-08
Chrom1	9082547	5.86301e-06	0.999994	4.80588e-09
Chrom1	9083589	5.11823e-06	0.999995	2.07797e-08
Chrom1	9106349	4.51897e-06	0.999995	6.21523e-09
Chrom1	9116840	2.68281e-06	0.999997	1.07769e-07
Chrom1	9118014	3.85321e-06	0.999996	8.01331e-08
Chrom1	9119213	3.07532e-06	0.999997	1.00897e-07
Chrom1	9127370	3.51861e-06	0.999996	3.08426e-08
Chrom1	9129342	5.24537e-06	0.999995	2.24622e-08
Chrom1	9155925	3.1078e-07	0.999999	3.90588e-07
Chrom1	9162442	3.73018e-07	1	2.91701e-09
Chrom1	9171325	4.16298e-07	1	1.21968e-08
Chrom1	9172713	4.32265e-08	1	2.38347e-09
Chrom1	9174545	5.967e-07	0.999999	3.51767e-09
Chrom1	9175558	5.79861e-07	0.999999	4.33772e-09
Chrom1	9176560	5.78696e-07	0.999999	4.3859e-09
Chrom1	9178669	1.671e-07	1	7.14654e-09
Chrom1	9179706	2.46333e-07	1	9.89397e-10
Chrom1	9184182	1.5518e-06	0.999998	1.6028e-09
Chrom1	9185282	6.02623e-07	0.999999	5.36566e-10
Chrom1	9201124	6.77081e-07	0.999999	5.89744e-08
Chrom1	9202263	4.87742e-06	0.999995	9.02973e-09
Chrom1	9220837	1.51381e-06	0.999998	3.28966e-09
Chrom1	9223328	8.18133e-07	0.999999	2.40873e-08
Chrom1	9226250	2.9512e-07	1	4.16369e-09
Chrom1	9228530	2.97041e-07	1	1.75838e-07
Chrom1	9231417	4.50519e-07	0.999999	2.02415e-07
Chrom1	9246302	6.66898e-08	0.999998	1.5254e-06
Chrom1	9265103	1.63679e-08	0.999999	1.08128e-06
Chrom1	9266232	7.31712e-09	1	2.02314e-07
Chrom1	9267295	9.39267e-08	1	3.69751e-07
Chrom1	9268313	1.28621e-07	1	3.44918e-07
Chrom1	9269327	2.63237e-07	1	1.15216e-07
Chrom1	9270808	2.43725e-07	1	2.52718e-07
Chrom1	9272076	8.55714e-07	0.999999	8.31888e-08
Chrom1	9273168	2.63812e-07	0.999999	2.69195e-07
Chrom1	9281687	3.70036e-07	0.999999	2.26209e-07
Chrom1	9283685	2.24042e-07	0.999999	3.30968e-07
Chrom1	9284782	3.08734e-07	0.999999	2.77716e-07
Chrom1	9286904	7.20808e-07	0.999999	2.94892e-08
Chrom1	9287931	1.47856e-07	0.999999	3.93633e-07
Chrom1	9289501	4.52122e-07	0.999999	2.40389e-07
Chrom1	9299552	5.64901e-07	0.999999	3.81113e-07
Chrom1	9306380	5.99067e-07	0.999999	4.68147e-07
Chrom1	9308828	8.08648e-07	0.999999	3.77219e-07
Chrom1	9334824	1.13458e-06	0.999999	3.16482e-07
Chrom1	9338436	3.4074e-07	0.999999	9.9331e-07
Chrom1	9379449	1.08244e-07	1	3.94071e-09
Chrom1	9385746	2.06188e-08	1	4.1523e-08
Chrom1	9387416	1.06911e-07	1	3.02318e-08
Chrom1	9389871	1.4248e-08	1	6.19437e-08
Chrom1	9391107	2.56353e-06	0.999997	2.8016e-10
Chrom1	9392315	2.19948e-07	1	6.51887e-10
Chrom1	9393741	2.68399e-07	1	1.64444e-10
Chrom1	9394765	1.18089e-08	1	1.16709e-09
Chrom1	9396200	1.70636e-07	1	1.71509e-09
Chrom1	9418538	8.01306e-08	1	3.31677e-08
Chrom1	9419555	5.64261e-08	1	3.63673e-08
Chrom1	9421532	4.07488e-09	1	1.63462e-08
Chrom1	9422659	1.03756e-07	1	1.51174e-08
Chrom1	9435846	7.76191e-08	1	1.38265e-08
Chrom1	9437114	5.41687e-08	1	1.36245e-08
Chrom1	9438267	9.67586e-09	1	4.24425e-09
Chrom1	9439534	2.82379e-08	1	9.84538e-11
Chrom1	9440578	1.53858e-08	1	1.06952e-09
Chrom1	9442517	2.11684e-06	0.999998	2.3635e-09
Chrom1	9455200	3.09553e-06	0.999997	2.31989e-08
Chrom1	9456631	2.26067e-06	0.999998	3.00702e-09
Chrom1	9461283	5.7458e-06	0.999994	4.67936e-08
Chrom1	9513898	1.41863e-05	0.999986	3.65324e-08
Chrom1	9515609	2.12791e-05	0.999979	1.15515e-08
Chrom1	9517456	8.23072e-06	0.999992	3.37509e-10
Chrom1	9519274	6.77773e-06	0.999993	5.39514e-11
Chrom1	9520782	1.36096e-05	0.999986	1.11161e-09
Chrom1	9522175	1.37767e-05	0.999986	4.5238e-11
Chrom1	9523344	7.79918e-06	0.999992	6.30476e-11
Chrom1	9524451	1.22748e-05	0.999988	6.68913e-09
Chrom1	9526352	1.92905e-05	0.999981	6.86753e-09
Chrom1	9542023	6.93612e-05	0.999931	2.07127e-10
Chrom1	9543090	0.000129795	0.99987	7.51587e-10
Chrom1	9544634	0.00011513	0.999885	6.75444e-10
Chrom1	9545779	7.61458e-05	0.999924	7.13923e-11
Chrom1	9549594	0.000616207	0.999384	1.41292e-10
Chrom1	9551672	1.34173e-05	0.999987	4.99929e-09
Chrom1	9565183	0.000119615	0.99988	2.9305e-09
Chrom1	9566294	8.68532e-05	0.999913	5.05644e-11
Chrom1	9567299	7.86877e-05	0.999921	5.71514e-11
Chrom1	9570064	0.000105804	0.999894	4.3727e-09
Chrom1	9571164	0.000289905	0.99971	1.0636e-09
Chrom1	9573287	5.92998e-05	0.999941	1.95355e-08
Chrom1	9583647	5.04326e-05	0.99995	5.28741e-08
Chrom1	9584752	9.07854e-05	0.999909	3.33611e-08
Chrom1	9589384	6.67652e-05	0.999933	1.05655e-09
Chrom1	9594537	0.000237519	0.999762	2.30758e-09
Chrom1	9609111	0.000264735	0.999735	4.9599e-10
Chrom1	9610324	0.000162749	0.999837	5.40497e-09
Chrom1	9612218	0.000638724	0.999361	3.50787e-10
Chrom1	9617410	0.000248376	0.999752	6.24616e-09
Chrom1	9620512	0.000591911	0.999408	1.54645e-09
Chrom1	9622594	0.000173437	0.999827	3.36028e-10
Chrom1	9625588	0.000214001	0.999786	1.12205e-08
Chrom1	9632933	0.000135433	0.999865	8.9674e-10
Chrom1	9650841	0.000376513	0.999623	3.68401e-08
Chrom1	9655912	0.000879474	0.999121	1.36858e-08
Chrom1	9659557	0.000467417	0.999533	2.43489e-08
Chrom1	9660728	0.000236011	0.999764	5.16335e-08
Chrom1	9661930	0.000355874	0.999644	4.5129e-08
Chrom1	9671685	0.000645509	0.999354	2.68568e-08
Chrom1	9674209	0.000661026	0.999339	4.8612e-09
Chrom1	9687350	0.000343239	0.999656	8.78829e-07
Chrom1	9688371	0.000343176	0.999656	9.39366e-07
Chrom1	9698923	0.000407705	0.999591	9.74708e-07
Chrom1	9701473	0.000342098	0.999656	1.77285e-06
Chrom1	9703235	0.000308011	0.99969	2.16559e-06
Chrom1	9929413	0.000391373	0.999601	7.57447e-06
Chrom1	10001841	0.000315009	0.999677	8.36965e-06
Chrom1	10042964	0.000335418	0.99966	4.45651e-06
Chrom1	10096784	0.000205644	0.999784	1.07852e-05
Chrom1	10098101	0.000105105	0.999882	1.24304e-05
Chrom1	10100539	0.000200923	0.999788	1.09292e-05
Chrom1	10122034	0.00011452	0.999875	1.00204e-05
Chrom1	10123082	0.00010469	0.999889	6.20264e-06
Chrom1	10170590	0.000266799	0.999728	5.67437e-06
Chrom1	10172246	0.000336152	0.999659	4.56173e-06
Chrom1	10230569	0.000306286	0.999693	4.0424e-07
Chrom1	10305368	0.000299209	0.999697	4.06779e-06
Chrom1	10356187	0.0003171	0.99968	3.12569e-06
Chrom1	10385253	0.000320814	0.999677	1.94001e-06
Chrom1	10386258	0.000397381	0.999602	3.56551e-07
Chrom1	10387495	0.00048792	0.999511	1.24973e-06
Chrom1	10516677	0.000322067	0.999678	1.85944e-08
Chrom1	10591673	0.00269104	0.997309	5.17299e-08
Chrom1	10630896	0.000439223	0.99956	2.93919e-07
Chrom1	10632316	0.000415647	0.999584	2.34361e-08
Chrom1	10727051	0.000447704	0.999551	1.78648e-06
Chrom1	10789353	0.000391873	0.999608	1.07136e-07
Chrom1	10791997	0.00100464	0.998995	1.92193e-07
Chrom1	10846295	0.000377444	0.999622	4.64484e-07
Chrom1	10847458	0.000236639	0.999763	4.17272e-08
Chrom1	10910215	0.000511687	0.999487	1.19404e-06
Chrom1	10911231	0.000388843	0.999609	2.24523e-06
Chrom1	10914559	0.000330139	0.999667	2.78031e-06
Chrom1	10983232	0.00035363	0.999644	2.45966e-06
Chrom1	10984539	0.000565193	0.999434	1.09069e-06
Chrom1	11001112	0.000546233	0.999452	1.4853e-06
Chrom1	11022686	0.000570934	0.999428	5.85143e-07
Chrom1	11026905	0.000533256	0.999465	1.49197e-06
Chrom1	11034669	0.000344862	0.999652	2.66694e-06
Chrom1	11066108	0.000498472	0.999499	2.22284e-06
Chrom1	11121740	0.000671833	0.999327	1.01451e-06
Chrom1	11137837	0.000276259	0.999719	5.18645e-06
Chrom1	11151207	0.000343125	0.999653	4.21705e-06
Chrom1	11297739	0.000130472	0.999869	6.17238e-07
Chrom1	11301211	0.000800078	0.9992	8.58323e-08
Chrom1	11306341	0.000675899	0.999324	1.6718e-08
Chrom1	11307472	0.000213019	0.999787	1.5422e-09
Chrom1	11313955	0.000218048	0.999782	4.10462e-10
Chrom1	11315507	0.000138989	0.999861	8.72005e-09
Chrom1	11316516	0.000586019	0.999414	2.97756e-09
Chrom1	11317525	0.00146496	0.998535	1.58211e-09
Chrom1	11321856	0.000380723	0.999619	1.90902e-08
Chrom1	11323377	0.000288489	0.999711	3.06814e-08
Chrom1	11333115	9.67074e-05	0.999903	5.35714e-08
Chrom1	11334166	0.000258881	0.999741	4.11054e-08
Chrom1	11337461	0.000506323	0.999494	5.35482e-09
Chrom1	11340551	0.000487208	0.999513	1.47702e-08
Chrom1	11353165	0.000191088	0.999809	3.23335e-08
Chrom1	11357270	0.000362362	0.999638	2.331e-09
Chrom1	11358342	0.000150027	0.99985	4.94846e-10
Chrom1	11359889	0.000524841	0.999475	5.10843e-09
Chrom1	11360987	0.00028924	0.999711	1.57034e-08
Chrom1	11378723	0.000251488	0.999748	7.88436e-08
Chrom1	11382911	0.000221513	0.999778	8.8999e-08
Chrom1	11385082	0.000193807	0.999806	1.84586e-08
Chrom1	11386088	0.00016817	0.999832	1.42114e-07
Chrom1	11413336	7.42481e-05	0.999925	7.1024e-07
Chrom1	11423319	4.6726e-05	0.999952	8.46111e-07
Chrom1	11427215	6.10694e-05	0.999938	8.50849e-07
Chrom1	11481510	1.37013e-07	1	8.25168e-09
Chrom1	11482724	4.25596e-07	1	4.13487e-08
Chrom1	11485534	2.63595e-07	1	5.41821e-10
Chrom1	11487293	1.36972e-07	1	6.61336e-10
Chrom1	11492171	3.48846e-08	1	8.08157e-08
Chrom1	11493368	1.10275e-07	1	9.5684e-08
Chrom1	11494459	1.45696e-07	1	7.65754e-08
Chrom1	11509949	1.85009e-08	1	3.19365e-07
Chrom1	11517782	1.2213e-08	1	4.00325e-10
Chrom1	11519942	1.9207e-08	1	8.35994e-11
Chrom1	11521156	1.2241e-08	1	1.02149e-11
Chrom1	11522163	4.01196e-08	1	3.93978e-12
Chrom1	11523189	5.37363e-09	1	7.73921e-12
Chrom1	11524385	2.58223e-09	1	4.88138e-10
Chrom1	11525553	2.13873e-08	1	1.28882e-10
Chrom1	11526571	6.43985e-08	1	1.21429e-09
Chrom1	11532536	3.52402e-07	0.999999	5.50206e-07
Chrom1	11533900	8.1169e-07	0.999999	2.94134e-07
Chrom1	11548422	3.09011e-06	0.999996	1.14613e-06
Chrom1	11566450	4.05881e-06	0.999993	3.00258e-06
Chrom1	11622380	1.0723e-05	0.999984	5.2198e-06
Chrom1	11673627	1.09282e-05	0.99998	9.18656e-06
Chrom1	11674938	1.46075e-05	0.999978	6.94148e-06
Chrom1	11675982	1.09192e-05	0.99998	9.33097e-06
Chrom1	11813026	1.34315e-05	0.999978	8.67753e-06
Chrom1	11832527	9.13536e-06	0.99999	4.59014e-07
Chrom1	11976313	2.03165e-05	0.999956	2.35862e-05
Chrom1	12049859	5.70869e-05	0.999925	1.82437e-05
Chrom1	12142170	6.89318e-05	0.999912	1.93108e-05
Chrom1	12401741	7.8745e-05	0.999912	9.4155e-06
Chrom1	12408487	7.50514e-05	0.999916	9.00071e-06
Chrom1	12436086	8.16381e-05	0.999914	4.12866e-06
Chrom1	12439613	5.9718e-05	0.999931	9.33698e-06
Chrom1	12532955	3.91287e-05	0.999953	8.19531e-06
Chrom1	12576883	2.18159e-05	0.99997	8.3812e-06
Chrom1	12611627	1.89915e-05	0.999977	4.42251e-06
Chrom1	12613200	2.16654e-06	0.999994	3.54107e-06
Chrom1	12614791	1.96113e-05	0.999977	3.78223e-06
Chrom1	12688632	5.6106e-06	0.99999	4.34956e-06
Chrom1	12691285	1.07305e-05	0.999985	4.10419e-06
Chrom1	12692384	1.32842e-05	0.999984	3.18236e-06
Chrom1	12693493	1.7454e-05	0.999982	4.55718e-07
Chrom1	12712721	1.58734e-05	0.999984	3.75892e-07
Chrom1	12713755	1.4453e-05	0.999982	3.50643e-06
Chrom1	12714756	2.22387e-05	0.999975	2.3901e-06
Chrom1	12715827	1.89594e-05	0.999978	2.91831e-06
Chrom1	12717174	1.92092e-05	0.999978	3.07336e-06
Chrom1	12728413	1.15709e-05	0.99998	8.11195e-06
Chrom1	12736964	1.73481e-05	0.999976	6.79606e-06
Chrom1	12741123	2.09731e-05	0.999973	6.08838e-06
Chrom1	12742362	2.86243e-06	0.999994	2.92594e-06
Chrom1	12743652	3.10287e-05	0.999963	5.58091e-06
Chrom1	12788395	0.000299099	0.999694	6.49226e-06
Chrom1	12802494	0.000559268	0.999436	4.48396e-06
Chrom1	12826945	0.000548945	0.999444	6.71086e-06
Chrom1	12835480	0.000232826	0.99976	6.81135e-06
Chrom1	12845933	0.000992198	0.999003	5.04817e-06
Chrom1	12848294	0.00109899	0.998896	4.79617e-06
Chrom1	12851177	0.00135915	0.998637	4.06874e-06
Chrom1	12868536	0.000772638	0.999222	5.74669e-06
Chrom1	12881219	0.00205725	0.99794	2.57284e-06
Chrom1	12902504	0.00175617	0.998238	5.8838e-06
Chrom1	12903618	0.00183398	0.99816	5.72994e-06
Chrom1	12905037	0.00183454	0.99816	5.81883e-06
Chrom1	12932105	0.00115519	0.99884	5.23222e-06
Chrom1	12938012	0.00407499	0.995922	2.75454e-06
Chrom1	12939856	0.00426824	0.995729	3.07946e-06
Chrom1	12940874	0.00155374	0.998442	4.74214e-06
Chrom1	12947401	0.00316815	0.996827	4.81216e-06
Chrom1	12969728	0.00991292	0.990087	4.33125e-08
Chrom1	12972863	0.0124348	0.987565	2.62272e-07
Chrom1	12981916	0.0213552	0.978645	3.47842e-08
Chrom1	12986868	0.00614297	0.993857	2.42937e-07
Chrom1	12988003	0.0173131	0.982687	6.8384e-08
Chrom1	12990939	0.00698975	0.99301	1.05391e-09
Chrom1	12992815	0.0775288	0.922471	2.26496e-09
Chrom1	12995187	0.0101129	0.989887	2.79827e-08
Chrom1	12997087	0.0458969	0.954103	4.12223e-09
Chrom1	12999383	0.0274439	0.972556	4.213e-09
Chrom1	13000603	0.0518313	0.948169	1.97879e-10
Chrom1	13003547	0.0188012	0.981199	1.32126e-09
Chrom1	13007113	0.0196794	0.980321	3.03223e-10
Chrom1	13023312	0.0360686	0.963931	1.52575e-09
Chrom1	13024469	0.0588171	0.941183	2.07058e-08
Chrom1	13053098	0.0541427	0.945857	4.07633e-07
Chrom1	13054772	0.0958162	0.904184	1.16051e-07
Chrom1	13058362	0.084241	0.915759	3.11343e-07
Chrom1	13119764	0.156219	0.843781	1.53161e-07
Chrom1	13131180	0.0595356	0.940463	1.34365e-06
Chrom1	13257514	0.327727	0.672273	1.23789e-09
Chrom1	13258942	0.849247	0.150753	5.77132e-11
Chrom1	13262635	0.549099	0.450901	5.2934e-10
Chrom1	13308192	0.45351	0.54649	2.70184e-09
Chrom1	13338168	0.341591	0.658409	1.76885e-08
Chrom1	13340870	0.287201	0.712799	1.38713e-08
Chrom1	13342060	0.79131	0.20869	3.07901e-10
Chrom1	13343213	0.173389	0.826611	1.80086e-08
Chrom1	13344967	0.443234	0.556766	6.70493e-10
Chrom1	13346298	0.271026	0.728974	6.22472e-09
Chrom1	13349050	0.0504233	0.949577	3.66028e-09
Chrom1	13352508	0.452493	0.547507	2.64315e-10
Chrom1	13362895	0.431447	0.568553	3.271e-09
Chrom1	13363939	0.348838	0.651162	5.16039e-09
Chrom1	13365765	0.307343	0.692657	6.2487e-09
Chrom1	13366978	0.391969	0.608031	2.65194e-09
Chrom1	13371567	0.473501	0.526499	1.35247e-09
Chrom1	13376025	0.399358	0.600642	1.18135e-09
Chrom1	13377060	0.675292	0.324708	1.47888e-10
Chrom1	13400718	0.303815	0.696185	1.43167e-08
Chrom1	13402145	0.556028	0.443972	7.89182e-10
Chrom1	13404518	0.302632	0.697368	1.57762e-08
Chrom1	13406058	0.174126	0.825874	2.22306e-09
Chrom1	13471124	0.271562	0.728437	1.27442e-06
Chrom1	13548328	0.274723	0.725276	7.44864e-07
Chrom1	13549330	0.727048	0.272952	3.36613e-08
Chrom1	13593342	0.217434	0.782564	2.16398e-06
Chrom1	13594416	0.216041	0.783957	2.19316e-06
Chrom1	13751660	0.00952345	0.990473	3.5676e-06
Chrom1	13756749	0.00150225	0.998494	3.5389e-06
Chrom1	13775984	0.00190764	0.998092	1.64255e-07
Chrom1	13787584	8.0492e-05	0.999918	1.26257e-06
Chrom1	13788618	0.000109277	0.999884	7.05792e-06
Chrom1	13818007	1.5858e-05	0.999983	8.02042e-07
Chrom1	13819932	1.80634e-05	0.999981	8.83512e-07
Chrom1	13825800	6.70786e-05	0.999931	1.71685e-06
Chrom1	13870646	0.00016743	0.999833	2.83601e-08
Chrom1	13871749	0.000365319	0.999635	1.66425e-09
Chrom1	13875916	0.000131926	0.999868	3.42658e-10
Chrom1	13877392	0.000232603	0.999767	2.0389e-10
Chrom1	13881779	4.30804e-05	0.999957	2.95763e-09
Chrom1	13883156	9.56748e-05	0.999904	2.09629e-10
Chrom1	13890672	6.50869e-05	0.999935	7.92048e-09
Chrom1	13892514	9.82223e-05	0.999902	3.53697e-10
Chrom1	13896539	0.000301774	0.999698	1.08442e-09
Chrom1	13897800	0.000231789	0.999768	4.36557e-10
Chrom1	13930111	0.000134982	0.999865	1.00305e-09
Chrom1	13933243	0.000152324	0.999848	6.3701e-10
Chrom1	13941562	0.00031227	0.999688	1.68384e-10
Chrom1	13942562	3.7433e-05	0.999963	4.85726e-09
Chrom1	13944254	6.09821e-05	0.999939	4.85825e-11
Chrom1	13945265	7.17055e-05	0.999928	1.0896e-10
Chrom1	13956941	0.00020713	0.999793	8.77526e-09
Chrom1	13957976	6.96289e-05	0.99993	1.90581e-09
Chrom1	13959101	2.24509e-05	0.999977	1.79617e-07
Chrom1	13960539	1.584e-05	0.999984	4.11069e-08
Chrom1	13988594	0.000216761	0.999783	3.26164e-08
Chrom1	14000767	9.26328e-05	0.999907	3.15512e-09
Chrom1	14002381	0.000153027	0.999847	3.82831e-08
Chrom1	14004105	6.31487e-05	0.999937	5.90791e-08
Chrom1	14013655	0.000263477	0.999736	4.19095e-08
Chrom1	14016111	0.000289647	0.99971	3.85178e-08
Chrom1	14022361	0.000254834	0.999745	4.04299e-08
Chrom1	14023397	0.000293601	0.999706	2.36544e-08
Chrom1	14024445	0.000216508	0.999783	1.78941e-08
Chrom1	14049058	0.000414241	0.999586	4.64292e-09
Chrom1	14050059	0.00408728	0.995913	3.20843e-10
Chrom1	14051075	0.000532105	0.999468	1.2926e-09
Chrom1	14052796	0.000414678	0.999585	1.19609e-09
Chrom1	14053954	0.000264853	0.999735	7.48089e-11
Chrom1	14057036	0.000454944	0.999545	9.21747e-10
Chrom1	14058062	0.000668085	0.999332	3.65075e-10
Chrom1	14059637	0.000235217	0.999765	1.6512e-11
Chrom1	14060806	0.00228762	0.997712	4.22921e-11
Chrom1	14064354	0.000867497	0.999133	9.32223e-11
Chrom1	14065709	0.000488284	0.999512	6.97867e-10
Chrom1	14067591	0.000601868	0.999398	2.70667e-10
Chrom1	14068755	0.000199464	0.999801	1.27265e-08
Chrom1	14086006	0.000129989	0.99987	2.04857e-09
Chrom1	14087077	5.35865e-05	0.999946	6.28914e-09
Chrom1	14088098	4.89425e-06	0.999995	6.16231e-09
Chrom1	14089439	3.4051e-06	0.999997	3.02311e-09
Chrom1	14090455	3.16761e-05	0.999968	7.87415e-10
Chrom1	14092159	1.75128e-05	0.999982	1.15897e-10
Chrom1	14093169	1.12027e-05	0.999989	2.87897e-09
Chrom1	14094336	5.80621e-05	0.999942	1.0566e-09
Chrom1	14095391	2.24542e-05	0.999978	3.75447e-09
Chrom1	14096507	8.78711e-06	0.999991	8.55829e-09
Chrom1	14097562	2.49085e-05	0.999975	5.8222e-10
Chrom1	14098844	4.50779e-05	0.999955	2.7248e-10
Chrom1	14105143	2.58875e-05	0.999974	1.51344e-08
Chrom1	14112275	4.48521e-05	0.999955	7.4267e-09
Chrom1	14113312	2.79748e-05	0.999972	1.50682e-08
Chrom1	14114341	2.85978e-06	0.999997	2.14764e-08
Chrom1	14117387	2.73796e-05	0.999973	2.28878e-08
Chrom1	14118550	2.06622e-05	0.999979	3.39359e-08
Chrom1	14144769	1.32425e-05	0.999987	9.76624e-10
Chrom1	14152914	1.81081e-05	0.999982	1.0334e-09
Chrom1	14160887	8.72047e-06	0.999991	8.55097e-11
Chrom1	14163597	6.15318e-06	0.999994	3.70885e-11
Chrom1	14164716	1.25125e-05	0.999987	1.21119e-09
Chrom1	14165814	1.68922e-05	0.999983	9.91435e-10
Chrom1	14166829	1.4594e-05	0.999985	1.1207e-09
Chrom1	14167889	1.36468e-05	0.999986	2.02481e-09
Chrom1	14168908	1.07286e-05	0.999989	3.87447e-09
Chrom1	14169935	1.40967e-05	0.999986	2.97726e-09
Chrom1	14172560	1.32405e-05	0.999987	4.9608e-10
Chrom1	14174256	1.42756e-05	0.999986	2.29185e-09
Chrom1	14181911	1.2173e-05	0.999988	3.28118e-09
Chrom1	14184042	1.86234e-05	0.999981	2.38317e-09
Chrom1	14185236	1.35091e-05	0.999986	1.65541e-09
Chrom1	14188918	1.53976e-05	0.999985	6.0193e-09
Chrom1	14190012	6.12405e-06	0.999994	1.66788e-08
Chrom1	14191911	1.16287e-06	0.999999	1.68499e-08
Chrom1	14194516	5.22492e-06	0.999995	1.98728e-08
Chrom1	14196199	4.9642e-06	0.999995	1.9988e-08
Chrom1	14202841	3.11464e-06	0.999997	1.33783e-09
Chrom1	14209656	2.14717e-06	0.999998	2.05196e-08
Chrom1	14221025	2.43098e-06	0.999998	7.01452e-09
Chrom1	14222075	2.45332e-07	1	2.39384e-09
Chrom1	14223700	2.28378e-07	1	1.58201e-09
Chrom1	14224731	1.40928e-06	0.999999	6.93981e-11
Chrom1	14225906	3.23026e-07	1	8.99515e-10
Chrom1	14227010	9.45929e-06	0.999991	1.15187e-09
Chrom1	14231922	1.65394e-05	0.999983	3.56417e-09
Chrom1	14233034	6.68329e-05	0.999933	1.62935e-10
Chrom1	14245074	3.12037e-05	0.999969	8.13406e-11
Chrom1	14246160	8.9592e-06	0.999991	1.29475e-11
Chrom1	14247165	4.7326e-05	0.999953	4.20427e-10
Chrom1	14249390	5.61062e-05	0.999944	4.68826e-10
Chrom1	14250668	5.80578e-05	0.999942	5.5617e-11
Chrom1	14251757	5.363e-05	0.999946	1.76975e-11
Chrom1	14252796	2.37808e-05	0.999976	4.61096e-12
Chrom1	14254032	0.000120353	0.99988	8.66957e-11
Chrom1	14255107	6.61823e-05	0.999934	5.89346e-11
Chrom1	14256541	7.3953e-05	0.999926	2.05356e-10
Chrom1	14257744	2.74916e-05	0.999973	4.43971e-12
Chrom1	14258753	5.82576e-05	0.999942	6.99828e-12
Chrom1	14260290	0.000908125	0.999092	2.98612e-11
Chrom1	14261379	3.90345e-05	0.999961	2.17181e-09
Chrom1	14264480	0.000433085	0.999567	6.16254e-11
Chrom1	14265495	6.3738e-05	0.999936	1.11534e-09
Chrom1	14267091	4.05397e-05	0.999959	3.15432e-09
Chrom1	14268099	6.97966e-05	0.99993	2.04979e-10
Chrom1	14269109	4.00024e-05	0.99996	3.93142e-09
Chrom1	14270186	3.05871e-05	0.999969	3.26011e-09
Chrom1	14271230	6.44994e-05	0.999935	2.43917e-09
Chrom1	14272351	7.93682e-06	0.999992	1.61264e-09
Chrom1	14273375	9.43074e-05	0.999906	1.15876e-09
Chrom1	14274450	0.000173665	0.999826	6.19988e-10
Chrom1	14275679	5.54463e-05	0.999945	2.69089e-09
Chrom1	14276758	3.96511e-05	0.99996	4.24964e-09
Chrom1	14279185	4.37937e-05	0.999956	9.72495e-11
Chrom1	14280285	0.000119868	0.99988	3.68984e-10
Chrom1	14281514	0.0001064	0.999894	6.14451e-10
Chrom1	14284723	7.24148e-05	0.999928	5.16498e-10
Chrom1	14287604	0.000137243	0.999863	9.1058e-10
Chrom1	14290736	5.0717e-06	0.999995	2.25519e-09
