chrom	position	2,0	1,1	0,2
Chrom1	39867	0.915112	0.0825396	0.00234867
Chrom1	74391	0.993156	0.00682093	2.33292e-05
Chrom1	255865	0.99585	0.00414602	4.22533e-06
Chrom1	258155	0.998403	0.00159614	4.18383e-07
Chrom1	269808	0.998932	0.00106768	1.76034e-07
Chrom1	341182	0.998214	0.0017862	2.28097e-08
Chrom1	349741	0.999092	0.000907766	5.43076e-10
Chrom1	352299	0.99946	0.000539548	3.54856e-10
Chrom1	533757	0.976127	0.0238709	1.88554e-06
Chrom1	539700	0.975464	0.0245346	1.69158e-06
Chrom1	541594	0.986939	0.0130614	7.08709e-08
Chrom1	542688	0.984542	0.0154572	4.14474e-07
Chrom1	701010	0.918484	0.0813688	0.00014746
Chrom1	900878	0.848525	0.151047	0.000427865
Chrom1	1285205	0.466905	0.530934	0.00216027
Chrom1	1310379	0.715264	0.284115	0.000621697
Chrom1	1397618	0.822984	0.176999	1.61532e-05
Chrom1	1456410	0.849602	0.150307	9.1092e-05
Chrom1	1457428	0.43947	0.558671	0.00185803
Chrom1	2642504	0.235318	0.744521	0.0201611
Chrom1	2875203	0.271309	0.728673	1.79805e-05
Chrom1	2920473	0.298231	0.701755	1.3428e-05
Chrom1	2985268	0.558001	0.441752	0.000247721
Chrom1	3222019	0.702264	0.29741	0.000325972
Chrom1	3223186	0.702977	0.296698	0.000324872
Chrom1	3427469	0.889154	0.110842	4.58189e-06
Chrom1	3458829	0.909052	0.0909482	1.53323e-07
Chrom1	3496866	0.913016	0.0869841	9.00284e-08
Chrom1	3505852	0.947054	0.0529461	1.20124e-07
Chrom1	3601863	0.843054	0.156725	0.000221228
Chrom1	4014805	0.826836	0.172561	0.000602946
Chrom1	4157773	0.614221	0.383964	0.00181519
Chrom1	4161321	0.616761	0.38147	0.00176821
Chrom1	4165545	0.920584	0.0793496	6.63767e-05
Chrom1	4181999	0.82601	0.173529	0.00046178
Chrom1	4445324	0.921136	0.0788606	3.37045e-06
Chrom1	5072767	0.707716	0.291958	0.000326451
Chrom1	5079406	0.935295	0.0646966	8.61949e-06
Chrom1	5104251	0.747281	0.252532	0.000186667
Chrom1	5141252	0.944966	0.0550313	2.94054e-06
Chrom1	5152096	0.916141	0.0838491	9.65213e-06
Chrom1	5153189	0.95405	0.0459499	5.50821e-07
Chrom1	5528164	0.98392	0.0160795	7.63735e-07
Chrom1	5580701	0.976753	0.0232433	4.03738e-06
Chrom1	5582547	0.976914	0.0230825	3.95867e-06
Chrom1	5619701	0.98018	0.0198185	1.95553e-06
Chrom1	5625739	0.989224	0.0107755	1.70484e-07
Chrom1	5628000	0.980815	0.0191831	1.62485e-06
Chrom1	5669258	0.95323	0.0467603	9.35017e-06
Chrom1	5731536	0.997534	0.00246633	6.33574e-10
Chrom1	5733710	0.991755	0.00824493	2.99776e-08
Chrom1	5734768	0.995716	0.00428358	1.17709e-09
Chrom1	5818131	0.993208	0.00679139	9.21447e-07
Chrom1	5898123	0.994819	0.0051802	3.22591e-07
Chrom1	5903690	0.997328	0.00267163	1.31121e-08
Chrom1	5909433	0.994978	0.00502218	3.17348e-07
Chrom1	5934190	0.997966	0.00203401	7.93384e-08
Chrom1	5935763	0.995133	0.00486599	6.28699e-07
Chrom1	6031991	0.994334	0.0056618	3.74994e-06
Chrom1	6034142	0.994321	0.0056754	3.80915e-06
Chrom1	6035536	0.994312	0.00568412	3.84724e-06
Chrom1	6494955	0.995619	0.00437803	2.61422e-06
Chrom1	6584570	0.999157	0.000843402	1.30671e-08
Chrom1	6586329	0.996838	0.00316231	1.62528e-07
Chrom1	6597310	0.998091	0.00190859	1.51324e-08
Chrom1	6599217	0.996726	0.00327428	8.50409e-08
Chrom1	6600315	0.998281	0.00171917	3.57982e-09
Chrom1	6708944	0.992808	0.0071884	3.42082e-06
Chrom1	6825592	0.960845	0.039116	3.88728e-05
Chrom1	6927821	0.997126	0.00287375	4.5957e-08
Chrom1	7344564	0.993237	0.00676263	1.8544e-07
Chrom1	8412462	0.991944	0.00805536	2.74169e-07
Chrom1	8829536	0.965123	0.0348766	2.70894e-07
Chrom1	9005679	0.998481	0.00151873	2.78787e-08
Chrom1	9054311	0.998689	0.0013111	1.28847e-09
Chrom1	9081449	0.997785	0.00221479	7.68425e-08
Chrom1	9139284	0.999216	0.000784055	5.44054e-10
Chrom1	9172713	0.999234	0.000766094	8.6728e-10
Chrom1	9185086	0.999611	0.000389385	5.41522e-11
Chrom1	9201490	0.99848	0.00151955	1.4834e-08
Chrom1	9202746	0.998464	0.00153625	1.52772e-08
Chrom1	9226309	0.999035	0.000965135	3.28475e-10
Chrom1	9246585	0.993363	0.00663645	1.52918e-07
Chrom1	9265103	0.991854	0.00814637	1.69968e-09
Chrom1	9270208	0.99905	0.000949688	1.66228e-09
Chrom1	9289549	0.997614	0.00238613	1.01147e-07
Chrom1	9304166	0.993203	0.00679625	6.97169e-07
Chrom1	9390079	0.999441	0.000559354	1.16624e-08
Chrom1	9391552	0.999678	0.000322414	2.17233e-09
Chrom1	9422401	0.999974	2.63267e-05	2.11486e-12
Chrom1	9439534	0.999999	1.27031e-06	2.1083e-14
Chrom1	9440600	0.999997	3.15555e-06	3.40903e-13
Chrom1	9462104	0.999976	2.38043e-05	3.79947e-11
Chrom1	9517342	0.999915	8.46252e-05	5.08879e-10
Chrom1	9519289	0.999974	2.58933e-05	1.15354e-11
Chrom1	9571306	0.999803	0.000196687	6.02164e-09
Chrom1	9623078	0.999894	0.000106242	5.02812e-11
Chrom1	9659898	0.999928	7.17557e-05	1.72573e-11
Chrom1	9674258	0.999901	9.86944e-05	9.27704e-11
Chrom1	10591673	0.997786	0.00221353	5.42553e-07
Chrom1	10846785	0.996295	0.00370394	8.62297e-07
Chrom1	11481510	0.997667	0.00233298	3.30113e-08
Chrom1	11487472	0.998414	0.00158603	2.40679e-08
Chrom1	11510096	0.985704	0.0142939	2.46034e-06
Chrom1	11522260	0.998376	0.00162406	1.94275e-08
Chrom1	11526224	0.997716	0.00228431	1.03971e-08
Chrom1	12714200	0.997372	0.00262844	4.26199e-08
Chrom1	12715233	0.994979	0.00501955	9.94258e-07
Chrom1	12716550	0.994988	0.00501063	1.0102e-06
Chrom1	12973802	0.998049	0.00195025	4.22856e-07
Chrom1	12988772	0.999311	0.00068871	3.75846e-08
Chrom1	12990939	0.998316	0.00168326	2.97014e-07
Chrom1	12992815	0.999455	0.000544826	2.98582e-08
Chrom1	13258942	0.996976	0.00302181	2.14008e-06
Chrom1	13341426	0.997131	0.00286718	1.96136e-06
Chrom1	13376374	0.997278	0.00272008	1.77201e-06
Chrom1	13549140	0.998721	0.00127823	3.73495e-07
Chrom1	13550243	0.999681	0.000318656	2.41721e-08
Chrom1	13788618	0.999442	0.000557823	1.76881e-09
Chrom1	13872058	0.999489	0.000511085	8.4571e-10
Chrom1	13890750	0.998984	0.00101615	3.78262e-08
Chrom1	13942109	0.998923	0.00107724	4.32398e-08
Chrom1	13943321	0.998923	0.00107741	4.22997e-08
Chrom1	13957599	0.998925	0.00107502	2.74418e-08
Chrom1	13959101	0.999436	0.000563944	1.25775e-09
Chrom1	14060149	0.998545	0.00145478	2.34951e-07
Chrom1	14153156	0.999714	0.000286296	4.19781e-09
Chrom1	14164153	0.998322	0.00167798	1.32282e-07
Chrom1	14222201	0.992352	0.00764747	9.78006e-07
Chrom1	14223875	0.997173	0.00282702	2.14777e-07
Chrom1	14225332	0.991839	0.00816009	9.97308e-07
Chrom1	14232167	0.997299	0.00270118	1.46835e-07
Chrom1	14233368	0.997321	0.00267873	1.358e-07
Chrom1	14246160	0.999273	0.000727419	3.8376e-10
Chrom1	14250686	0.991484	0.0085162	2.10228e-07
Chrom1	14254889	0.99876	0.00124043	1.0679e-10
Chrom1	14258255	0.999251	0.00074905	1.15728e-10
Chrom1	14260305	0.997657	0.0023426	1.38906e-09
Chrom1	14265129	0.993978	0.00602213	7.56683e-11
Chrom1	14271657	0.998583	0.00141748	1.72596e-10
Chrom1	14273329	0.997655	0.00234499	1.04427e-09
Chrom1	14274527	0.999257	0.000742664	3.30069e-11
Chrom1	14276432	0.999263	0.000736681	4.04744e-10
Chrom1	14279410	0.992098	0.00790144	1.23676e-07
Chrom1	14281715	0.988927	0.0110721	5.22374e-07
Chrom1	14298165	0.997391	0.00260867	1.18037e-08
Chrom1	14299267	0.998633	0.00136673	4.55033e-10
Chrom1	14301536	0.997382	0.00261763	1.37248e-08
Chrom1	14302622	0.999543	0.000457213	2.05416e-10
Chrom1	14492244	0.986707	0.013282	1.08329e-05
Chrom1	14561138	0.983183	0.0168019	1.49922e-05
Chrom1	14568943	0.982796	0.017189	1.53869e-05
Chrom1	14875971	0.888616	0.111383	3.2883e-07
Chrom1	14936907	0.931726	0.0682744	4.18381e-08
Chrom1	14977829	0.992806	0.00719427	3.25883e-09
Chrom1	14997384	0.987285	0.0127154	5.2877e-08
Chrom1	15017844	0.976883	0.0231135	3.45914e-06
Chrom1	15047500	0.93849	0.0614793	3.07204e-05
Chrom1	15218364	0.986136	0.0138584	5.21587e-06
Chrom1	15306777	0.991382	0.00861758	4.74402e-07
Chrom1	15307882	0.997374	0.00262628	1.18801e-08
Chrom1	15318788	0.969602	0.0303951	3.01833e-06
Chrom1	15358560	0.994396	0.00560361	1.37202e-07
Chrom1	15366211	0.99737	0.00262966	1.95577e-09
Chrom1	15382898	0.995546	0.00445393	1.08767e-07
Chrom1	15445646	0.999605	0.000394927	3.89848e-10
Chrom1	15449958	0.993472	0.00652818	2.29802e-07
Chrom1	15477341	0.999735	0.000264963	1.0587e-11
Chrom1	15478621	0.999159	0.000840943	1.07713e-10
Chrom1	15481469	0.995383	0.00461688	1.72266e-08
Chrom1	15486772	0.995865	0.00413517	2.80844e-10
Chrom1	15511092	0.999008	0.000991551	1.01048e-08
Chrom1	15540863	0.99994	6.01012e-05	3.60081e-12
Chrom1	15546734	0.999669	0.000330901	3.3507e-10
Chrom1	15547940	0.999807	0.000192649	5.10333e-11
Chrom1	15562082	0.999802	0.000197543	1.31637e-11
Chrom1	15563216	0.999798	0.000202154	6.50308e-12
Chrom1	15564250	0.999945	5.47114e-05	5.94262e-13
Chrom1	15566817	0.999737	0.000262851	9.40716e-12
Chrom1	15568014	0.999833	0.00016707	3.44138e-12
Chrom1	15569505	0.992068	0.00793244	4.15644e-09
Chrom1	15571222	0.999121	0.000878873	4.1047e-09
Chrom1	15572445	0.999095	0.00090539	6.31961e-09
Chrom1	15575448	0.99903	0.000970247	1.18197e-08
Chrom1	15584662	0.999388	0.000612312	1.41186e-09
Chrom1	15603713	0.998044	0.00195578	6.12596e-07
Chrom1	15856340	0.988961	0.0110112	2.79273e-05
Chrom1	17173119	0.990427	0.00957289	3.42231e-07
Chrom1	17175419	0.982041	0.0179534	5.93004e-06
Chrom1	17365019	0.992281	0.00771933	1.70125e-07
Chrom1	17379217	0.988599	0.0114012	1.98189e-07
Chrom1	17403957	0.987868	0.0121319	2.07509e-07
Chrom1	17413678	0.978854	0.0211441	1.50595e-06
Chrom1	17425217	0.991262	0.00873742	2.15268e-07
Chrom1	17449719	0.862647	0.137293	6.07284e-05
Chrom1	17545250	0.966468	0.0335197	1.27034e-05
Chrom1	17560060	0.965863	0.0341243	1.26687e-05
Chrom1	17605262	0.98067	0.0193291	6.43846e-07
Chrom1	17606269	0.963976	0.0360121	1.14596e-05
Chrom1	17638103	0.961084	0.0388877	2.87473e-05
Chrom1	17648598	0.888714	0.111057	0.000229571
Chrom1	17673953	0.959926	0.0400367	3.74206e-05
Chrom1	17901088	0.959083	0.0408919	2.51459e-05
Chrom1	17975216	0.890425	0.10955	2.53588e-05
Chrom1	17976341	0.959307	0.0406881	5.10386e-06
Chrom1	17983215	0.905247	0.0947526	3.31367e-07
Chrom1	17985090	0.987623	0.012377	3.65938e-08
Chrom1	18444320	0.994066	0.00593368	2.73162e-08
Chrom1	18536006	0.995672	0.0043282	1.34247e-09
Chrom1	18539208	0.995763	0.00423673	8.23784e-10
Chrom1	18640088	0.995692	0.00430783	1.37633e-09
Chrom1	18646012	0.995567	0.00443294	2.79475e-09
Chrom1	18689076	0.989906	0.0100924	1.29952e-06
Chrom1	18694271	0.995709	0.00429065	1.93376e-07
Chrom1	19193586	0.829652	0.170348	7.35302e-08
Chrom1	19195815	0.866467	0.133533	5.77728e-08
Chrom1	19247911	0.875721	0.124279	1.56485e-07
Chrom1	19340732	0.968744	0.0312524	3.40583e-06
Chrom1	19418907	0.993466	0.00653447	5.6233e-09
Chrom1	19453021	0.997448	0.00255244	3.61435e-10
Chrom1	19460458	0.976089	0.0239108	7.32985e-08
Chrom1	19463583	0.996119	0.00388092	2.17102e-10
Chrom1	19466272	0.992755	0.00724534	1.01313e-08
Chrom1	19468060	0.992869	0.00713146	1.23754e-08
Chrom1	19480593	0.998876	0.00112361	5.9638e-11
Chrom1	19500121	0.99736	0.00264017	2.48702e-09
Chrom1	19514409	0.995982	0.0040183	4.034e-09
Chrom1	19530127	0.966152	0.0338484	5.24485e-09
Chrom1	19544914	0.995689	0.00431093	1.32234e-08
Chrom1	19571194	0.992926	0.00707371	1.99326e-07
Chrom1	19607704	0.996287	0.0037133	3.95717e-09
Chrom1	19611497	0.992844	0.00715581	1.50482e-07
Chrom1	19723499	0.995366	0.00463398	1.06891e-08
Chrom1	19764160	0.994217	0.00578319	7.28916e-08
Chrom1	19844519	0.951088	0.0488872	2.48183e-05
Chrom1	19893424	0.992042	0.00795839	1.90617e-08
Chrom1	19904402	0.984616	0.0153837	5.3465e-07
Chrom1	19917174	0.984294	0.015705	5.94716e-07
Chrom1	19932429	0.983919	0.0160806	5.40166e-07
Chrom1	19953107	0.983424	0.0165755	2.37867e-07
Chrom1	19954174	0.983399	0.0166006	2.14931e-07
Chrom1	19955590	0.991249	0.0087508	8.09554e-09
Chrom1	19981909	0.981837	0.018162	6.84886e-07
Chrom1	20032464	0.988906	0.0110944	1.54194e-08
Chrom1	20048036	0.977179	0.0228197	1.07708e-06
Chrom1	20158186	0.981202	0.0187982	1.7889e-08
Chrom1	20195337	0.866393	0.133601	6.28477e-06
Chrom1	20198349	0.867921	0.132079	8.45716e-08
Chrom1	20209012	0.976712	0.0232878	1.58549e-08
Chrom1	20218591	0.956552	0.0434465	1.3508e-06
Chrom1	20220167	0.95653	0.0434681	1.51071e-06
Chrom1	20270846	0.973274	0.0267254	8.63969e-07
Chrom1	20273009	0.878009	0.121969	2.25765e-05
Chrom1	20433954	0.978542	0.0214582	2.1646e-08
Chrom1	20451527	0.978592	0.0214082	1.57807e-08
Chrom1	20515498	0.956688	0.043307	5.20865e-06
Chrom1	20578416	0.971367	0.0286321	7.99065e-07
Chrom1	20600206	0.951932	0.0480642	4.17352e-06
Chrom1	20601256	0.95184	0.0481556	4.18051e-06
Chrom1	20622636	0.949987	0.0500086	3.88757e-06
Chrom1	20635001	0.948923	0.0510732	3.32684e-06
Chrom1	20636804	0.948769	0.051228	3.22034e-06
Chrom1	20639679	0.948522	0.0514746	3.03729e-06
Chrom1	20641531	0.853733	0.146253	1.38692e-05
Chrom1	20658328	0.866442	0.133558	1.87676e-08
Chrom1	20659937	0.887643	0.112357	2.0434e-08
Chrom1	20664320	0.949449	0.0505507	3.76565e-07
Chrom1	20703802	0.957773	0.0422255	1.31241e-06
Chrom1	20709219	0.95892	0.041079	1.24197e-06
Chrom1	20715886	0.960332	0.0396666	1.09819e-06
Chrom1	20736893	0.991356	0.00864443	1.66562e-08
Chrom1	20738463	0.907476	0.0925227	1.18134e-06
Chrom1	20744463	0.979278	0.0207221	2.97131e-08
Chrom1	20753371	0.989447	0.0105535	3.18503e-09
Chrom1	20799212	0.980293	0.0197068	3.34096e-07
Chrom1	21042976	0.887009	0.112991	2.62243e-07
Chrom1	21049437	0.991321	0.00867888	5.86361e-08
Chrom1	21053587	0.961757	0.03824	3.48353e-06
Chrom1	21720287	0.970776	0.0292235	3.56862e-07
Chrom1	21753788	0.969685	0.0303145	4.60685e-07
Chrom1	21757265	0.943298	0.0566889	1.33526e-05
Chrom1	21758658	0.83843	0.161498	7.21395e-05
Chrom1	21762662	0.94304	0.0569419	1.78927e-05
Chrom1	22228955	0.938241	0.061612	0.000147078
Chrom1	22230181	0.938239	0.0616146	0.000146866
Chrom1	22505920	0.980219	0.0197805	7.4168e-07
Chrom1	22821755	0.971614	0.0283859	2.49091e-07
Chrom1	22823583	0.795048	0.204918	3.38464e-05
Chrom1	22869102	0.773653	0.226344	3.89377e-06
Chrom1	23191916	0.913585	0.0863537	6.11558e-05
Chrom1	23194988	0.913644	0.0862963	6.00588e-05
Chrom1	23200029	0.91374	0.0862014	5.81963e-05
Chrom1	23272683	0.809293	0.190701	5.55289e-06
Chrom1	23453365	0.937429	0.0625076	6.34736e-05
Chrom1	23668663	0.965406	0.0345572	3.63812e-05
Chrom1	23832419	0.987871	0.0121229	5.79466e-06
Chrom1	23856050	0.991202	0.00879524	3.07515e-06
Chrom1	23879551	0.998376	0.00162403	9.22636e-08
Chrom1	23930012	0.999191	0.000809158	2.72541e-08
Chrom1	23959315	0.996723	0.00327663	5.71014e-07
Chrom1	24044183	0.99728	0.00271988	4.17648e-07
Chrom1	24056605	0.998502	0.00149769	5.03442e-08
Chrom1	24129584	0.997507	0.00249188	6.42739e-07
Chrom1	24199948	0.997826	0.0021733	5.90933e-07
Chrom1	24265327	0.998299	0.0017007	3.29721e-07
Chrom1	24288069	0.998503	0.00149637	2.12178e-07
Chrom1	24314178	0.999547	0.000453403	6.50216e-09
Chrom1	24334082	0.998755	0.00124508	6.38755e-08
Chrom1	24353816	0.998762	0.00123815	3.97825e-08
Chrom1	24369187	0.998778	0.00122201	1.05646e-08
Chrom1	24372589	0.997044	0.00295633	7.79514e-10
Chrom1	24373965	0.9988	0.00120032	2.84848e-09
Chrom1	24379411	0.999324	0.000675684	3.67217e-10
Chrom1	24383798	0.996969	0.00303089	1.0852e-08
Chrom1	24385271	0.999675	0.000325429	5.44629e-11
Chrom1	24470961	0.999787	0.000212524	2.62896e-10
Chrom1	24472101	0.999696	0.000303989	1.12543e-10
Chrom1	24473408	0.999407	0.00059256	5.62965e-09
Chrom1	24512669	0.999229	0.000770643	8.34901e-08
Chrom1	24530834	0.999168	0.000832208	1.15375e-07
Chrom1	24534723	0.999156	0.000843677	1.21664e-07
Chrom1	24685644	0.999177	0.000822546	1.53866e-07
Chrom1	24737066	0.999392	0.000607695	8.36598e-08
Chrom1	24749524	0.99946	0.000539749	6.52186e-08
Chrom1	24805782	0.999953	4.72427e-05	1.38007e-11
Chrom1	24815571	0.999643	0.000357496	1.46644e-11
Chrom1	24822783	0.999972	2.79798e-05	7.253e-13
Chrom1	24846709	0.999972	2.75447e-05	2.07655e-12
Chrom1	24865093	0.99999	1.00755e-05	4.22306e-14
Chrom1	24866322	0.999982	1.82324e-05	5.01655e-14
Chrom1	24868481	0.99996	3.96143e-05	1.01278e-11
Chrom1	24870101	0.999985	1.48085e-05	9.12875e-13
Chrom1	24881319	0.999883	0.000117394	1.87466e-10
Chrom1	24883405	0.999869	0.000130676	1.91135e-10
Chrom1	24886721	0.999953	4.66215e-05	3.75187e-12
Chrom1	24923506	0.999444	0.000556091	2.44358e-09
Chrom1	24933335	0.998756	0.00124348	2.49467e-08
Chrom1	24940756	0.995841	0.00415927	1.61962e-07
Chrom1	24966589	0.999466	0.000533906	6.37195e-10
Chrom1	24995921	0.991379	0.00862004	1.06461e-06
Chrom1	25082059	0.998299	0.00170058	1.32674e-09
Chrom1	25084763	0.996697	0.00330291	3.96548e-08
Chrom1	25091009	0.996597	0.00340267	5.51361e-08
Chrom1	25116808	0.997955	0.0020446	5.12564e-09
Chrom1	25120610	0.997605	0.00239494	2.52114e-08
Chrom1	25165470	0.993603	0.00639456	2.02282e-06
Chrom1	25222059	0.990598	0.00939702	5.01875e-06
Chrom1	25223678	0.990514	0.00948104	5.10895e-06
Chrom1	25236064	0.989874	0.0101204	5.80082e-06
Chrom1	25258475	0.988731	0.0112619	7.04641e-06
Chrom1	25260738	0.988617	0.011376	7.17069e-06
Chrom1	25272467	0.988028	0.0119645	7.80735e-06
Chrom1	25275728	0.987865	0.0121271	7.98172e-06
Chrom1	25413500	0.981366	0.0186208	1.2858e-05
Chrom1	25416134	0.981249	0.0187379	1.28788e-05
Chrom1	25519111	0.985773	0.0142247	2.3052e-06
Chrom1	25773837	0.958849	0.0411462	5.29292e-06
Chrom1	25787480	0.957951	0.0420463	2.7798e-06
Chrom1	25790426	0.870225	0.129775	6.90254e-07
Chrom1	25812674	0.958066	0.0419303	3.25903e-06
Chrom1	25878695	0.98328	0.0167196	2.1646e-07
Chrom1	25930299	0.957208	0.0427907	1.00204e-06
Chrom1	25937927	0.975868	0.0241322	5.24337e-08
Chrom1	25966985	0.973064	0.0269363	5.87732e-08
Chrom1	25987457	0.951347	0.0486523	3.72091e-07
Chrom1	25990687	0.984286	0.0157138	8.30304e-09
Chrom1	26013497	0.939135	0.0608628	2.34559e-06
Chrom1	26019558	0.936025	0.0639724	2.76616e-06
Chrom1	26021898	0.934824	0.0651727	2.91168e-06
Chrom1	26051840	0.951585	0.0484144	6.29766e-07
Chrom1	26076683	0.750782	0.249179	3.83332e-05
Chrom1	26077943	0.943693	0.0563066	4.13576e-07
Chrom1	26131618	0.86597	0.133894	0.0001362
Chrom1	26136784	0.862976	0.136875	0.000149435
Chrom1	26137851	0.665975	0.333405	0.000620567
Chrom1	26174627	0.393622	0.603666	0.00271167
Chrom1	26313041	0.870278	0.129655	6.6551e-05
Chrom1	26317214	0.870717	0.129222	6.12906e-05
Chrom1	26319428	0.87095	0.128991	5.84726e-05
Chrom1	26351612	0.874358	0.125627	1.5433e-05
Chrom1	26354680	0.925037	0.0749617	1.54622e-06
Chrom1	26363473	0.875028	0.124963	8.77247e-06
Chrom1	26375337	0.948197	0.0518027	5.74985e-07
Chrom1	26412373	0.929628	0.0703717	1.05658e-07
Chrom1	26533283	0.679395	0.320605	3.30045e-07
Chrom1	26562286	0.856838	0.143156	5.5776e-06
Chrom1	26597315	0.257062	0.742933	5.38854e-06
Chrom1	26618273	0.873512	0.126483	4.78722e-06
Chrom1	26631963	0.884551	0.115444	4.51509e-06
Chrom1	26665468	0.95178	0.0482202	5.44783e-08
Chrom1	26749757	0.947045	0.0529523	3.09275e-06
Chrom1	26773768	0.95719	0.0428087	1.24378e-06
Chrom1	26776068	0.981872	0.0181276	1.5184e-07
Chrom1	26806401	0.915873	0.0841274	3.14819e-08
Chrom1	26877317	0.996697	0.00330332	3.4065e-09
Chrom1	26882668	0.998675	0.00132548	2.15071e-10
Chrom1	26911020	0.999788	0.000211835	7.77883e-11
Chrom1	26913216	0.99823	0.00176955	1.22961e-08
Chrom1	26958362	0.998563	0.00143649	5.4428e-08
Chrom1	26960284	0.998579	0.00142051	5.38846e-08
Chrom1	27001267	0.999675	0.000325487	2.76781e-10
Chrom1	27041753	0.998906	0.00109443	2.34332e-08
Chrom1	27051753	0.998903	0.00109664	1.75046e-08
Chrom1	27058897	0.999646	0.000354011	1.08584e-09
Chrom1	27065496	0.998822	0.00117762	1.18165e-08
Chrom1	27073738	0.998723	0.0012774	1.04024e-08
Chrom1	27075171	0.998706	0.00129447	9.84869e-09
Chrom1	27079238	0.98731	0.0126896	3.04295e-08
Chrom1	27105474	0.999541	0.000459199	1.30529e-11
Chrom1	27106893	0.99966	0.000339679	2.78332e-11
Chrom1	27107979	0.99955	0.000450325	1.60924e-11
Chrom1	27175071	0.998813	0.0011871	6.54948e-08
Chrom1	27217058	0.998702	0.00129843	2.77879e-08
Chrom1	27220087	0.998696	0.00130375	2.22291e-08
Chrom1	27229942	0.99985	0.000149701	1.23431e-11
Chrom1	27233877	0.996182	0.00381812	2.19669e-10
Chrom1	27237321	0.998417	0.00158282	4.41971e-09
Chrom1	27240024	0.999152	0.000847992	2.52574e-10
Chrom1	27269543	0.991492	0.00850421	3.91446e-06
Chrom1	27317539	0.996928	0.00307081	7.12178e-07
Chrom1	27342424	0.996793	0.00320612	7.39822e-07
Chrom1	27359914	0.996713	0.00328652	7.25386e-07
Chrom1	27438483	0.996502	0.0034981	2.78566e-07
Chrom1	27454143	0.998535	0.0014651	1.51528e-08
Chrom1	27458370	0.996416	0.00358389	1.00328e-07
Chrom1	27475989	0.987118	0.0128816	9.88882e-09
Chrom1	27511358	0.996383	0.00361718	1.05208e-07
Chrom1	27513862	0.996403	0.0035967	1.03939e-07
Chrom1	27532862	0.996567	0.00343321	6.86036e-08
Chrom1	27543480	0.998257	0.00174283	1.29924e-09
Chrom1	27574929	0.996632	0.00336819	1.20342e-07
Chrom1	27614618	0.996647	0.00335339	6.4529e-08
Chrom1	27624794	0.998251	0.0017491	9.06843e-10
Chrom1	27630501	0.996607	0.00339298	3.14686e-08
Chrom1	27663751	0.998863	0.00113671	4.52308e-10
Chrom1	27665262	0.996258	0.00374172	2.22646e-08
Chrom1	27666608	0.997733	0.00226736	5.27304e-09
Chrom1	27672010	0.995815	0.00418502	9.8813e-08
Chrom1	27673199	0.99573	0.00427008	1.14857e-07
Chrom1	27674848	0.995612	0.00438796	1.37275e-07
Chrom1	27678072	0.995382	0.00461811	1.81593e-07
Chrom1	27679300	0.995294	0.00470566	1.98621e-07
Chrom1	27685220	0.984733	0.015266	1.39792e-06
Chrom1	27709741	0.996602	0.00339754	8.24141e-08
Chrom1	27736122	0.981346	0.0186493	4.27708e-06
Chrom1	27789311	0.99601	0.00399024	1.72107e-07
Chrom1	27817891	0.978694	0.021296	1.02469e-05
Chrom1	27888361	0.99408	0.00591974	1.97275e-07
Chrom1	27893990	0.996612	0.00338793	1.05362e-08
Chrom1	27901702	0.994217	0.0057832	1.55768e-08
Chrom1	27902944	0.986115	0.0138847	1.53912e-09
Chrom1	27904124	0.997015	0.00298461	2.38524e-10
Chrom1	27917927	0.994402	0.00559776	1.49217e-07
Chrom1	27938512	0.983271	0.0167271	1.51757e-06
Chrom1	27998796	0.997938	0.00206201	6.77496e-08
Chrom1	28000340	0.998025	0.00197544	6.13264e-08
Chrom1	28004901	0.998281	0.00171915	4.316e-08
Chrom1	28012442	0.998706	0.0012936	1.64724e-08
Chrom1	28014926	0.999557	0.000442533	9.30474e-10
Chrom1	28018286	0.999666	0.00033433	2.08626e-10
Chrom1	28027343	0.998951	0.00104851	1.9364e-08
Chrom1	28037334	0.998993	0.00100705	2.99906e-08
Chrom1	28074960	0.999185	0.000815181	4.25186e-08
Chrom1	28139103	0.999642	0.000357823	4.83333e-09
Chrom1	28144714	0.999906	9.41648e-05	2.04029e-11
Chrom1	28155525	0.999843	0.00015741	3.14616e-11
Chrom1	28160863	0.999688	0.00031193	2.72294e-09
Chrom1	28201790	0.998875	0.00112448	5.40764e-08
Chrom1	28238466	0.99996	3.97069e-05	5.21558e-13
Chrom1	28239522	0.999962	3.77811e-05	2.84769e-13
Chrom1	28247457	0.999982	1.77586e-05	2.82519e-13
Chrom1	28257566	0.999981	1.90952e-05	7.65817e-13
Chrom1	28272615	0.999882	0.000118444	7.90827e-10
Chrom1	28303360	0.999893	0.000106731	3.09836e-12
Chrom1	28308952	0.999956	4.44749e-05	3.19519e-13
Chrom1	28310911	0.999842	0.000157728	1.79754e-12
Chrom1	28320882	0.999452	0.00054755	3.7221e-10
Chrom1	28322027	0.999403	0.000596532	4.39245e-10
Chrom1	28356935	0.995366	0.00463415	1.30056e-07
Chrom1	28918570	0.821238	0.17869	7.16464e-05
Chrom1	28947795	0.812608	0.187347	4.53592e-05
Chrom1	28960600	0.808833	0.191135	3.19337e-05
Chrom1	28982312	0.627015	0.372983	1.09477e-06
Chrom1	28984172	0.590681	0.409297	2.22697e-05
Chrom1	28987522	0.802342	0.197652	6.24283e-06
Chrom1	29010844	0.611323	0.388677	2.54083e-07
Chrom1	29040706	0.807953	0.192041	6.51671e-06
Chrom1	29041820	0.592711	0.407266	2.30528e-05
Chrom1	29062860	0.895494	0.104506	1.54175e-07
Chrom1	29065431	0.819962	0.180035	3.0229e-06
Chrom1	29130565	0.894336	0.105663	7.17341e-07
Chrom1	29137530	0.58689	0.413097	1.34827e-05
Chrom1	29149803	0.904916	0.0950837	1.53026e-07
Chrom1	29160926	0.8506	0.149399	3.5951e-07
Chrom1	29164398	0.950715	0.0492845	1.18653e-09
Chrom1	29168178	0.69308	0.30692	7.83518e-09
Chrom1	29177009	0.70204	0.29796	4.58712e-08
Chrom1	29185820	0.860711	0.139288	1.75255e-06
Chrom1	29187099	0.861601	0.138397	1.94101e-06
Chrom1	29260468	0.971642	0.0283582	2.3907e-08
Chrom1	29317048	0.812748	0.187252	1.1616e-07
Chrom1	29383456	0.986937	0.0130628	7.42613e-08
Chrom1	29470787	0.983714	0.0162859	5.13118e-07
Chrom1	29479579	0.992079	0.00792128	2.46289e-08
Chrom1	29538051	0.997708	0.00229205	2.83824e-10
Chrom1	29541212	0.992784	0.0072163	9.52e-09
Chrom1	29542921	0.997794	0.00220629	2.01218e-10
Chrom1	29598396	0.992882	0.00711773	5.42521e-08
Chrom1	29603393	0.996281	0.00371912	7.54616e-10
Chrom1	29615686	0.99272	0.00727982	3.30864e-08
Chrom1	29621609	0.997779	0.0022214	6.1845e-10
Chrom1	29624377	0.992456	0.00754401	6.30696e-08
Chrom1	29638580	0.991518	0.00848153	2.3359e-07
Chrom1	29640832	0.99137	0.00862946	2.56656e-07
Chrom1	29655177	0.990433	0.00956707	3.73256e-07
Chrom1	29661265	0.990037	0.00996256	4.05053e-07
Chrom1	29705306	0.965906	0.0340935	8.24292e-08
Chrom1	29724427	0.953802	0.0461946	3.60673e-06
Chrom1	29728559	0.957419	0.0425757	4.90858e-06
Chrom1	29744533	0.998698	0.00130213	1.14993e-09
Chrom1	29758483	0.989224	0.0107757	1.30212e-07
Chrom1	29764646	0.967936	0.0320636	8.32267e-07
Chrom1	29769706	0.973698	0.0263023	6.92084e-09
Chrom1	29778849	0.994258	0.00574199	9.91181e-09
Chrom1	29795553	0.991867	0.00813312	1.08294e-07
Chrom1	29822262	0.993892	0.00610757	5.054e-08
Chrom1	29828167	0.998259	0.00174083	4.34548e-10
Chrom1	29848338	0.99474	0.00526004	5.58764e-08
Chrom1	29856992	0.998442	0.00155823	1.34038e-09
Chrom1	29858009	0.984686	0.0153134	4.4787e-07
Chrom1	29865495	0.995047	0.00495288	9.69645e-08
Chrom1	29891797	0.995551	0.00444874	1.40629e-07
Chrom1	29905529	0.987959	0.0120404	5.70685e-07
Chrom1	29915723	0.997928	0.00207192	9.92493e-09
Chrom1	29925090	0.996889	0.00311049	4.19425e-08
Chrom1	29926231	0.996935	0.00306505	4.00726e-08
Chrom1	29929230	0.997055	0.00294536	3.46286e-08
Chrom1	29930541	0.998319	0.00168054	5.14284e-09
Chrom1	29933980	0.997182	0.00281829	3.72724e-08
Chrom1	29969716	0.997985	0.002015	2.98267e-08
Chrom1	29972643	0.998807	0.00119284	5.67598e-09
Chrom1	30000540	0.998422	0.00157792	1.49591e-08
Chrom1	30005442	0.999533	0.000466828	2.32376e-10
Chrom1	30013778	0.998481	0.00151881	2.26522e-08
Chrom1	30076209	0.999216	0.000783812	4.74034e-10
Chrom1	30092805	0.998412	0.00158779	3.00166e-08
Chrom1	30116080	0.998305	0.00169546	3.22258e-08
Chrom1	30137866	0.999451	0.00054873	1.16418e-10
Chrom1	30161566	0.99928	0.000720418	1.51386e-10
Chrom1	30198914	0.986427	0.013573	1.07358e-08
Chrom1	30404481	0.996817	0.0031828	7.86894e-09
Chrom1	30451984	0.985911	0.0140889	4.33856e-07
Chrom1	30468054	0.984594	0.0154056	2.65268e-07
Chrom1	30475152	0.991549	0.00845058	7.14393e-09
Chrom1	30489777	0.988695	0.0113049	9.04074e-08
Chrom1	30493432	0.927459	0.0725372	3.92002e-06
Chrom1	30536966	0.978114	0.0218852	1.07039e-06
Chrom1	30575897	0.987309	0.0126911	7.92591e-09
Chrom1	30590635	0.974067	0.025932	5.24735e-07
Chrom1	30606824	0.972123	0.0278761	6.49657e-07
Chrom1	30609520	0.9718	0.0281989	6.4513e-07
Chrom1	30612825	0.98285	0.01715	1.18136e-07
Chrom1	30624180	0.969062	0.0309371	1.07526e-06
Chrom1	30626573	0.968569	0.0314303	1.1549e-06
Chrom1	30700569	0.985237	0.0147631	3.33699e-09
Chrom1	30717657	0.968905	0.0310948	5.41423e-09
Chrom1	30788323	0.915269	0.084731	5.10297e-09
Chrom1	30790578	0.912614	0.0873859	4.04643e-09
Chrom1	30839126	0.727357	0.272643	4.91051e-07
Chrom1	30854472	0.286612	0.713388	2.59448e-07
Chrom1	30951287	0.0773345	0.922662	3.65207e-06
Chrom1	30965659	0.0555372	0.944225	0.000237721
Chrom1	30969970	0.0387914	0.960763	0.000445954
Chrom1	31012901	0.0412662	0.958463	0.000271127
Chrom1	31014268	0.143646	0.856273	8.12522e-05
Chrom1	31024183	0.244091	0.755908	1.01976e-06
Chrom1	31044965	0.243437	0.756563	1.77204e-07
Chrom1	31070516	0.349462	0.650538	5.30958e-08
Chrom1	31076800	0.345129	0.654871	1.04369e-07
Chrom1	31123042	0.138915	0.861063	2.15326e-05
Chrom1	31125627	0.0270668	0.972805	0.000128493
Chrom1	31163970	0.021845	0.977887	0.000267904
Chrom1	31165385	0.021758	0.978064	0.00017831
Chrom1	31166866	0.0647185	0.935187	9.40621e-05
Chrom1	31167891	0.236381	0.763601	1.85094e-05
Chrom1	31215027	0.0969309	0.903066	3.45991e-06
Chrom1	31223349	0.0162238	0.983665	0.00011164
Chrom1	31319141	0.0355848	0.964398	1.6975e-05
Chrom1	31323417	0.10601	0.893989	5.16491e-07
Chrom1	31332983	0.0302491	0.969742	8.73493e-06
Chrom1	31339554	0.0270116	0.97298	8.09933e-06
Chrom1	31342358	0.0256296	0.974363	7.31932e-06
Chrom1	31343453	0.0250898	0.974903	6.93186e-06
Chrom1	31346482	0.00233492	0.997663	2.21638e-06
Chrom1	31357636	0.0554472	0.944551	1.53795e-06
Chrom1	31367818	0.00709624	0.992889	1.48227e-05
Chrom1	31381200	0.0405535	0.959446	1.1618e-07
Chrom1	31387850	0.0211886	0.978809	2.30718e-06
Chrom1	31391756	0.00680132	0.993198	3.16229e-07
Chrom1	31435791	0.063367	0.936633	3.9146e-07
Chrom1	31437644	0.0204932	0.979501	6.18688e-06
Chrom1	31442103	0.0201683	0.979822	9.79582e-06
Chrom1	31455202	0.0540422	0.945955	2.90824e-06
Chrom1	31467235	0.0164794	0.983466	5.4759e-05
Chrom1	31472455	0.00455044	0.995329	0.000120489
Chrom1	31489760	0.0142005	0.985715	8.41096e-05
Chrom1	31554148	0.0174016	0.98259	8.40401e-06
Chrom1	31561339	0.00079916	0.999192	9.03525e-06
Chrom1	31600538	0.00294529	0.99667	0.000384882
Chrom1	31601873	0.00949109	0.990355	0.000153738
Chrom1	31615333	0.0101639	0.989701	0.000135273
Chrom1	31660272	0.0123589	0.987619	2.19415e-05
Chrom1	31665969	0.00255724	0.997443	1.54722e-07
Chrom1	31669942	0.0437066	0.956293	6.42852e-08
Chrom1	31680207	0.0271808	0.972819	5.34712e-07
Chrom1	31694277	0.0149311	0.984993	7.60732e-05
Chrom1	31712797	0.0051721	0.994448	0.00038029
Chrom1	31741110	0.0189932	0.980856	0.000150918
Chrom1	31744811	0.00489506	0.994842	0.000262816
Chrom1	31764061	0.029019	0.9709	8.07841e-05
Chrom1	31771835	0.0328837	0.967066	4.98398e-05
Chrom1	31780918	0.174275	0.825725	8.40677e-07
Chrom1	31787509	0.0111117	0.988887	1.05182e-06
Chrom1	31940080	0.0862338	0.913568	0.000198558
Chrom1	31941374	0.08664	0.913163	0.000196519
Chrom1	31950095	0.089376	0.910443	0.000181232
Chrom1	31988614	0.101432	0.898486	8.17296e-05
Chrom1	32008989	0.1866	0.813399	7.61502e-07
Chrom1	32014494	0.282975	0.717025	5.16156e-07
Chrom1	32018702	0.0405421	0.959422	3.58177e-05
Chrom1	32021530	0.109092	0.890883	2.46321e-05
Chrom1	32027209	0.109863	0.890104	3.28295e-05
Chrom1	32030434	0.0433552	0.95658	6.49784e-05
Chrom1	32033301	0.111453	0.888509	3.78025e-05
Chrom1	32079555	0.130017	0.869972	1.15729e-05
Chrom1	32082717	0.224626	0.775373	5.25492e-07
Chrom1	32087007	0.132146	0.867843	1.03207e-05
Chrom1	32093080	0.0436655	0.956309	2.59457e-05
Chrom1	32103183	0.140542	0.859447	1.13716e-05
Chrom1	32110400	0.145666	0.854326	7.52003e-06
Chrom1	32112626	0.24877	0.75123	4.33037e-07
Chrom1	32198709	0.29299	0.70701	1.46738e-07
Chrom1	32206911	0.295065	0.704935	1.07547e-07
Chrom1	32208508	0.0725056	0.92749	4.85274e-06
Chrom1	32224032	0.184461	0.815534	5.14067e-06
Chrom1	32236349	0.280518	0.719481	4.39338e-07
Chrom1	32244383	0.309527	0.690473	2.61113e-08
Chrom1	32248433	0.189296	0.810703	1.16201e-06
Chrom1	32249565	0.28426	0.71574	3.39057e-07
Chrom1	32270182	0.189203	0.81079	7.07683e-06
Chrom1	32288953	0.0875029	0.912497	4.44975e-08
Chrom1	32290764	0.279675	0.720325	1.12897e-07
Chrom1	32300017	0.437876	0.562124	2.29669e-08
Chrom1	32326190	0.302438	0.697562	6.94709e-08
Chrom1	32334223	0.30062	0.69938	1.13433e-07
Chrom1	32365585	0.0343406	0.965544	0.000115678
Chrom1	32371001	0.280138	0.719861	6.81731e-07
Chrom1	32394245	0.165667	0.834322	1.05521e-05
Chrom1	32398382	0.165057	0.834934	8.95041e-06
Chrom1	32402865	0.164395	0.835598	6.57086e-06
Chrom1	32404328	0.0613465	0.938653	5.49902e-07
Chrom1	32405971	0.0548028	0.945175	2.23457e-05
Chrom1	32409840	0.164766	0.835225	8.7227e-06
Chrom1	32414007	0.274681	0.725318	7.09873e-07
Chrom1	32424370	0.166003	0.833943	5.45613e-05
Chrom1	32425836	0.166087	0.833852	6.06965e-05
Chrom1	32440429	0.166922	0.83296	0.000117887
Chrom1	32466256	0.168387	0.831411	0.000201838
Chrom1	32517480	0.0580599	0.941074	0.00086657
Chrom1	32539063	0.177349	0.822424	0.000226076
Chrom1	32585946	0.0787726	0.921227	7.12837e-07
Chrom1	32593486	0.0926996	0.9073	6.98943e-07
Chrom1	32600440	0.210013	0.789963	2.45944e-05
Chrom1	32613616	0.235384	0.764562	5.336e-05
Chrom1	32621639	0.250831	0.7491	6.8335e-05
Chrom1	32666991	0.338131	0.661749	0.000119927
Chrom1	32764345	0.274883	0.724911	0.000205812
Chrom1	32786159	0.648269	0.351699	3.16958e-05
Chrom1	32790281	0.774692	0.225303	5.08601e-06
Chrom1	32791758	0.676414	0.323563	2.27062e-05
Chrom1	32802084	0.448029	0.551889	8.22898e-05
Chrom1	32806606	0.88673	0.113268	1.63417e-06
Chrom1	32816881	0.798248	0.201743	9.07096e-06
Chrom1	32842394	0.90112	0.0988776	2.64923e-06
Chrom1	32856581	0.982143	0.0178573	5.11329e-08
Chrom1	32865100	0.98929	0.0107104	1.37736e-08
Chrom1	32879039	0.988758	0.0112425	1.54741e-08
Chrom1	32901998	0.995229	0.00477114	4.78907e-10
Chrom1	32933576	0.998488	0.00151209	4.01542e-10
Chrom1	32934979	0.999269	0.00073051	3.94529e-11
Chrom1	32957622	0.998525	0.00147513	7.37888e-09
Chrom1	32970039	0.999688	0.000311505	7.145e-12
Chrom1	32972600	0.999499	0.000500518	3.51076e-12
Chrom1	32974395	0.999502	0.000497618	1.44771e-11
Chrom1	33042866	0.998987	0.00101265	7.46696e-08
Chrom1	33110088	0.999511	0.000488895	1.744e-09
Chrom1	33156226	0.999738	0.000261819	5.8698e-10
Chrom1	33186415	0.999301	0.000699003	1.46331e-11
Chrom1	33188327	0.996637	0.00336278	6.74853e-11
Chrom1	33214410	0.998379	0.00162133	3.38277e-09
Chrom1	33215484	0.994731	0.00526878	6.93001e-10
Chrom1	33250589	0.999271	0.000729114	5.14519e-10
Chrom1	33493729	0.999947	5.26404e-05	2.27073e-10
Chrom1	33495542	0.999883	0.00011669	6.90921e-10
Chrom1	33505063	0.999802	0.000197646	4.56063e-09
Chrom1	33547491	0.999827	0.000172709	4.71136e-09
Chrom1	33567550	0.999957	4.33788e-05	2.33045e-10
Chrom1	33573638	0.999854	0.000145736	2.77866e-09
Chrom1	33579103	0.999847	0.000153329	3.02089e-09
Chrom1	33582011	0.999843	0.000156883	3.10673e-09
Chrom1	33601820	0.999957	4.34331e-05	1.83509e-10
Chrom1	33617003	0.999107	0.000892969	5.18986e-08
Chrom1	33627683	0.999831	0.000169185	9.97936e-10
Chrom1	33691099	0.999807	0.000192944	2.5642e-10
Chrom1	33692250	0.999644	0.000355976	2.92294e-09
Chrom1	33704622	0.999608	0.000391514	4.39994e-09
Chrom1	33711104	0.999592	0.000407692	4.42736e-09
Chrom1	33732497	0.999863	0.000136978	6.85047e-12
Chrom1	33736475	0.999504	0.000496215	4.52274e-10
Chrom1	33738365	0.999699	0.000300811	6.87188e-11
Chrom1	33742962	0.999676	0.000324236	5.73222e-11
Chrom1	33871245	0.998249	0.00175136	8.87858e-09
Chrom1	33907439	0.990271	0.00972889	1.97903e-08
Chrom1	33909334	0.975115	0.0248848	1.09906e-09
Chrom1	33913846	0.994609	0.00539093	2.77074e-10
Chrom1	33918901	0.994377	0.0056226	1.57362e-09
Chrom1	33981235	0.979201	0.0207962	2.75984e-06
Chrom1	33990904	0.938038	0.0619479	1.4273e-05
Chrom1	33998693	0.977244	0.0227527	3.06243e-06
Chrom1	34002189	0.977072	0.0229247	3.02211e-06
Chrom1	34060586	0.931014	0.0689826	3.36664e-06
Chrom1	34063409	0.985882	0.014118	3.77292e-08
Chrom1	34065528	0.923748	0.076249	3.04649e-06
Chrom1	34066763	0.974274	0.0257252	3.67608e-07
Chrom1	34067974	0.974312	0.0256874	3.1285e-07
Chrom1	34071882	0.935158	0.0648421	2.13638e-08
Chrom1	34107412	0.987434	0.0125661	1.57748e-08
Chrom1	34117651	0.988976	0.0110243	4.07954e-09
Chrom1	34234070	0.981773	0.0182235	3.62057e-06
Chrom1	34256416	0.982375	0.0176213	3.24617e-06
Chrom1	34307068	0.983813	0.0161859	1.33191e-06
Chrom1	34311740	0.956237	0.0437578	4.86898e-06
Chrom1	34320212	0.992008	0.00799205	1.33142e-08
Chrom1	34353878	0.986542	0.0134581	5.68545e-08
Chrom1	34355010	0.952423	0.0475774	1.09446e-08
Chrom1	34373594	0.990434	0.00956617	8.92245e-08
Chrom1	34387762	0.99719	0.00280963	8.12121e-09
Chrom1	34391174	0.99366	0.00634026	6.5402e-08
Chrom1	34396277	0.994101	0.00589929	7.30692e-08
Chrom1	34411268	0.995402	0.00459795	6.83499e-08
Chrom1	34414913	0.99572	0.00428019	6.24579e-08
Chrom1	34429118	0.99923	0.000769964	1.62697e-09
Chrom1	34437600	0.997132	0.00286842	3.97312e-08
Chrom1	34446288	0.991861	0.00813908	3.11681e-07
Chrom1	34458540	0.999033	0.000967215	2.32722e-10
Chrom1	34471477	0.998604	0.00139558	7.78221e-09
Chrom1	34486869	0.999738	0.000262395	5.58941e-11
Chrom1	34517236	0.999478	0.000521576	7.15262e-09
Chrom1	34529967	0.999624	0.000376148	4.8222e-09
Chrom1	34540821	0.999753	0.000247047	2.28133e-09
Chrom1	34544100	0.999793	0.00020712	1.56026e-09
Chrom1	34550817	0.999978	2.21647e-05	4.48908e-12
Chrom1	34590859	0.999992	7.98791e-06	1.04168e-12
Chrom1	34622151	0.999969	3.06957e-05	4.63249e-12
Chrom1	34692782	0.999988	1.20338e-05	2.21085e-12
Chrom1	34694297	0.999802	0.000198377	2.64129e-10
Chrom1	34696221	0.999973	2.69916e-05	4.01706e-13
Chrom1	34697649	0.999983	1.66595e-05	1.0221e-12
Chrom1	34705721	0.999816	0.000183701	7.13237e-12
Chrom1	34713251	0.999929	7.09366e-05	2.68679e-10
Chrom1	34738053	0.999951	4.9294e-05	2.9692e-10
Chrom1	34748897	0.999968	3.21052e-05	9.38633e-11
Chrom1	34750191	0.99997	2.97401e-05	6.87098e-11
Chrom1	34752726	0.999987	1.3179e-05	1.23806e-12
Chrom1	34769553	0.999999	1.31342e-06	4.08333e-14
Chrom1	34780869	0.999997	2.82541e-06	7.6365e-13
Chrom1	34805561	0.999996	4.13256e-06	9.13208e-14
Chrom1	34821430	0.999998	2.17378e-06	1.46173e-14
Chrom1	34825432	0.999999	1.0451e-06	2.85892e-15
Chrom1	34828743	0.999998	2.28261e-06	1.42658e-14
Chrom1	34842664	0.999995	5.46812e-06	1.60508e-14
Chrom1	34844414	0.999994	6.21254e-06	1.77643e-14
Chrom1	34850463	0.999978	2.21989e-05	7.87391e-12
Chrom1	34853224	0.999986	1.3907e-05	2.01539e-13
Chrom1	34854789	0.999969	3.13646e-05	1.20807e-11
Chrom1	34857032	0.99998	2.01701e-05	1.13217e-12
Chrom1	34871577	0.999614	0.00038573	8.00761e-09
Chrom1	34874994	0.999875	0.000124667	1.68741e-09
Chrom1	34906789	0.999929	7.08133e-05	2.79815e-10
Chrom1	34987920	0.999948	5.2499e-05	2.72064e-10
Chrom1	34991799	0.999992	7.57773e-06	5.60507e-13
Chrom1	35003100	0.999859	0.00014052	2.08811e-12
Chrom1	35017232	0.999992	8.28918e-06	1.77368e-12
Chrom1	35026354	0.999991	9.27948e-06	6.6234e-13
Chrom1	35058169	0.99992	8.04453e-05	1.35637e-09
Chrom1	35117117	0.999965	3.48636e-05	1.1206e-11
Chrom1	35172818	0.999994	5.92513e-06	9.79341e-14
Chrom1	35174860	0.999991	9.43354e-06	2.33944e-12
Chrom1	35177492	0.999998	1.96917e-06	8.40066e-15
Chrom1	35182537	0.999994	6.0581e-06	1.56379e-12
Chrom1	35183781	0.999998	1.78095e-06	2.86993e-14
Chrom1	35191974	0.999991	9.37505e-06	1.73591e-11
Chrom1	35213632	0.999998	1.95225e-06	7.48792e-13
Chrom1	35230243	0.999998	2.36863e-06	1.06761e-14
Chrom1	35231683	0.999995	4.5429e-06	4.39754e-13
Chrom1	35232757	0.999999	1.36523e-06	9.09164e-15
Chrom1	35248102	0.999994	5.7856e-06	1.67467e-13
Chrom1	35249313	0.999988	1.19075e-05	6.51824e-12
Chrom1	35262562	0.99999	9.61216e-06	5.67784e-13
Chrom1	35295535	0.999983	1.69556e-05	4.27239e-13
Chrom1	35302791	0.999989	1.0825e-05	3.67603e-13
Chrom1	35328258	0.999872	0.000128118	1.52212e-09
Chrom1	35338335	0.999843	0.000156661	1.9133e-09
Chrom1	35339691	0.99984	0.000160192	1.93958e-09
Chrom1	35351486	0.999409	0.000590768	1.3974e-08
Chrom1	35353119	0.999816	0.000183523	1.42695e-09
Chrom1	35354380	0.999905	9.47707e-05	5.86706e-11
Chrom1	35403456	0.999872	0.000128094	2.07139e-09
Chrom1	35427055	0.999964	3.5812e-05	3.94515e-12
Chrom1	35445114	0.999975	2.45242e-05	1.93565e-12
Chrom1	35450295	0.999987	1.28644e-05	1.47806e-13
Chrom1	35458198	0.999863	0.000136833	4.04441e-12
Chrom1	35465098	0.999951	4.90851e-05	1.09582e-10
Chrom1	35473596	0.99996	4.01203e-05	1.27164e-10
Chrom1	35484664	0.999995	5.19012e-06	2.61988e-12
Chrom1	35507005	0.999991	9.33682e-06	1.31547e-13
Chrom1	35511251	0.999987	1.26096e-05	2.73279e-13
Chrom1	35521232	0.999891	0.000109173	1.47983e-10
Chrom1	35524846	0.999867	0.000133346	1.47937e-10
Chrom1	35529058	0.999963	3.739e-05	3.28658e-12
Chrom1	35530576	0.999794	0.000205803	1.1624e-10
Chrom1	35532829	0.999848	0.000152349	1.96462e-11
Chrom1	35548205	0.998918	0.00108165	3.9443e-09
Chrom1	35558332	0.99839	0.00160952	4.09726e-09
Chrom1	35564248	0.999403	0.000597294	5.07078e-11
Chrom1	35582308	0.998441	0.00155938	4.02802e-10
Chrom1	35677381	0.822593	0.177406	1.6268e-06
Chrom1	35678589	0.870342	0.129658	4.26955e-08
Chrom1	35686611	0.843926	0.156073	8.13216e-07
Chrom1	35691071	0.871098	0.128902	6.60037e-09
Chrom1	35692606	0.981318	0.0186823	4.59237e-09
Chrom1	35697906	0.944437	0.0555625	1.82749e-07
Chrom1	35699866	0.84785	0.152148	1.44e-06
Chrom1	35708585	0.877716	0.122284	5.23836e-09
Chrom1	35718621	0.994079	0.0059212	1.76482e-10
Chrom1	35736092	0.86074	0.13926	4.72747e-07
Chrom1	35737152	0.972986	0.0270138	1.10016e-09
