chrom	position	2,0	1,1	0,2
Chrom1	39867	0.959614	0.0397024	0.00068368
Chrom1	74391	0.983994	0.0159447	6.15854e-05
Chrom1	255865	0.981981	0.0180167	2.22068e-06
Chrom1	258155	0.980319	0.0196762	4.3672e-06
Chrom1	269808	0.967357	0.0326217	2.10329e-05
Chrom1	341182	0.965552	0.0344321	1.59615e-05
Chrom1	349741	0.981568	0.0184312	7.09307e-07
Chrom1	352299	0.882841	0.117063	9.61546e-05
Chrom1	533757	0.967829	0.0321106	6.05233e-05
Chrom1	539700	0.967937	0.0320018	6.13879e-05
Chrom1	541594	0.967971	0.0319669	6.16563e-05
Chrom1	542688	0.967992	0.0319466	6.18097e-05
Chrom1	701010	0.971376	0.0285514	7.26241e-05
Chrom1	900878	0.977013	0.0229273	5.99662e-05
Chrom1	1285205	0.992215	0.00778143	3.52359e-06
Chrom1	1310379	0.996544	0.00345561	3.31944e-08
Chrom1	1397618	0.99863	0.0013697	2.14922e-09
Chrom1	1456410	0.99813	0.00186967	2.06221e-08
Chrom1	1457428	0.997576	0.00242429	7.82541e-09
Chrom1	2642504	0.972301	0.027613	8.64395e-05
Chrom1	2875203	0.986387	0.0136119	7.3964e-07
Chrom1	2920473	0.921613	0.0781636	0.000223566
Chrom1	2985268	0.976004	0.0239658	3.01812e-05
Chrom1	3222019	0.994568	0.00543099	1.31113e-06
Chrom1	3223186	0.987087	0.0129037	9.46753e-06
Chrom1	3427469	0.99045	0.00954393	5.5739e-06
Chrom1	3458829	0.991112	0.00888388	4.04471e-06
Chrom1	3496866	0.991967	0.00803137	1.99726e-06
Chrom1	3505852	0.997556	0.00244362	4.4977e-08
Chrom1	3601863	0.994974	0.00502495	6.92401e-07
Chrom1	4014805	0.986915	0.0130567	2.80818e-05
Chrom1	4157773	0.986864	0.0131102	2.59722e-05
Chrom1	4161321	0.986873	0.0131014	2.58381e-05
Chrom1	4165545	0.986884	0.0130904	2.56734e-05
Chrom1	4181999	0.986934	0.0130406	2.49792e-05
Chrom1	4445324	0.994363	0.00563657	1.35409e-07
Chrom1	5072767	0.993166	0.00683127	3.1186e-06
Chrom1	5079406	0.993291	0.00670658	2.72064e-06
Chrom1	5104251	0.996745	0.00325534	5.26445e-08
Chrom1	5141252	0.99393	0.00606791	1.99704e-06
Chrom1	5152096	0.993986	0.00601182	2.17525e-06
Chrom1	5153189	0.993992	0.00600591	2.19203e-06
Chrom1	5528164	0.999319	0.000680533	1.28802e-08
Chrom1	5580701	0.999409	0.000591144	8.38787e-09
Chrom1	5582547	0.999818	0.000181561	1.93553e-10
Chrom1	5619701	0.999747	0.000253396	3.40226e-11
Chrom1	5625739	0.999514	0.000486416	8.42456e-10
Chrom1	5628000	0.999742	0.000258103	4.29707e-11
Chrom1	5669258	0.999648	0.000351817	5.4522e-10
Chrom1	5731536	0.998812	0.00118832	1.60186e-07
Chrom1	5733710	0.998796	0.00120381	1.64826e-07
Chrom1	5734768	0.998789	0.00121128	1.67051e-07
Chrom1	5818131	0.999517	0.000482703	1.84009e-08
Chrom1	5898123	0.996388	0.00361046	1.04042e-06
Chrom1	5903690	0.996262	0.00373674	1.09689e-06
Chrom1	5909433	0.996133	0.00386571	1.15383e-06
Chrom1	5934190	0.995592	0.00440672	1.37799e-06
Chrom1	5935763	0.982557	0.0174333	9.54817e-06
Chrom1	6031991	0.997912	0.00208825	9.03663e-08
Chrom1	6034142	0.997947	0.00205289	8.21195e-08
Chrom1	6035536	0.996497	0.00350236	4.99704e-07
Chrom1	6494955	0.997642	0.00235724	1.02829e-06
Chrom1	6584570	0.999518	0.00048157	6.9086e-09
Chrom1	6586329	0.998851	0.0011493	4.60357e-08
Chrom1	6597310	0.999349	0.00065132	3.00237e-09
Chrom1	6599217	0.99942	0.000580296	7.44138e-10
Chrom1	6600315	0.998883	0.00111724	2.09011e-08
Chrom1	6708944	0.999799	0.000201329	4.04025e-09
Chrom1	6825592	0.990899	0.00908256	1.79682e-05
Chrom1	6927821	0.984888	0.0150627	4.96565e-05
Chrom1	7344564	0.964696	0.0350441	0.000260359
Chrom1	8412462	0.839682	0.158287	0.00203115
Chrom1	8829536	0.995098	0.00490198	2.20704e-07
Chrom1	9005679	0.989314	0.0106825	3.8599e-06
Chrom1	9054311	0.997275	0.00272535	2.77755e-08
Chrom1	9081449	0.990815	0.00918252	2.09245e-06
Chrom1	9139284	0.990701	0.00929525	3.35559e-06
Chrom1	9172713	0.990695	0.00930089	3.63643e-06
Chrom1	9185086	0.990704	0.00929192	3.65657e-06
Chrom1	9201490	0.990726	0.00927082	3.61363e-06
Chrom1	9202746	0.990728	0.00926877	3.60707e-06
Chrom1	9226309	0.990778	0.00921893	3.39848e-06
Chrom1	9246585	0.990838	0.0091587	3.08969e-06
Chrom1	9265103	0.967122	0.0328613	1.69152e-05
Chrom1	9270208	0.997392	0.0026081	1.96973e-07
Chrom1	9289549	0.991327	0.00867005	2.51329e-06
Chrom1	9304166	0.975766	0.0242226	1.17624e-05
Chrom1	9390079	0.995687	0.00431305	3.08341e-07
Chrom1	9391552	0.997397	0.00260282	6.20214e-08
Chrom1	9422401	0.998283	0.00171723	1.375e-09
Chrom1	9439534	0.989638	0.0103617	3.85871e-07
Chrom1	9440600	0.996994	0.00300574	6.54964e-08
Chrom1	9462104	0.999273	0.00072683	3.59334e-09
Chrom1	9517342	0.999803	0.000196568	1.07903e-11
Chrom1	9519289	0.999892	0.000108207	5.61269e-12
Chrom1	9571306	0.999943	5.68632e-05	8.66984e-11
Chrom1	9623078	0.999941	5.88203e-05	1.82289e-11
Chrom1	9659898	0.999985	1.49997e-05	3.33413e-12
Chrom1	9674258	0.999977	2.33529e-05	1.91455e-11
Chrom1	10591673	0.998448	0.00155147	3.15996e-07
Chrom1	10846785	0.99863	0.00136993	2.40682e-07
Chrom1	11481510	0.998848	0.0011517	1.38821e-07
Chrom1	11487472	0.999595	0.000405268	8.89476e-09
Chrom1	11510096	0.999826	0.000173586	5.32701e-10
Chrom1	11522260	0.999349	0.000651059	1.2664e-08
Chrom1	11526224	0.998785	0.00121447	1.34722e-07
Chrom1	12714200	0.999562	0.000438209	5.74464e-10
Chrom1	12715233	0.998585	0.00141522	2.20066e-08
Chrom1	12716550	0.999263	0.000737136	9.26287e-10
Chrom1	12973802	0.999521	0.000478802	1.29773e-09
Chrom1	12988772	0.999142	0.00085827	1.25483e-08
Chrom1	12990939	0.999734	0.000265761	3.49524e-10
Chrom1	12992815	0.999717	0.000282688	1.66193e-09
Chrom1	13258942	0.992212	0.00778101	7.41957e-06
Chrom1	13341426	0.990638	0.00935274	9.23573e-06
Chrom1	13376374	0.969549	0.0304012	4.93399e-05
Chrom1	13549140	0.996679	0.00332062	3.12583e-08
Chrom1	13550243	0.996206	0.00379389	1.29328e-07
Chrom1	13788618	0.993705	0.00628933	5.71861e-06
Chrom1	13872058	0.994239	0.00575557	5.3416e-06
Chrom1	13890750	0.994397	0.00559831	5.13153e-06
Chrom1	13942109	0.994901	0.00509508	4.36224e-06
Chrom1	13943321	0.994914	0.00508195	4.34113e-06
Chrom1	13957599	0.995073	0.00492281	4.08358e-06
Chrom1	13959101	0.99509	0.0049056	4.0556e-06
Chrom1	14060149	0.996456	0.00354204	1.93151e-06
Chrom1	14153156	0.998897	0.00110255	9.13544e-09
Chrom1	14164153	0.999041	0.000958683	1.00768e-09
Chrom1	14222201	0.99909	0.00090995	7.18347e-11
Chrom1	14223875	0.995518	0.00448246	2.79207e-10
Chrom1	14225332	0.998286	0.00171388	2.49469e-09
Chrom1	14232167	0.998337	0.00166273	7.61602e-09
Chrom1	14233368	0.998346	0.00165355	8.20796e-09
Chrom1	14246160	0.998448	0.0015522	9.08823e-09
Chrom1	14250686	0.998485	0.00151479	7.13979e-09
Chrom1	14254889	0.999536	0.00046372	1.33491e-10
Chrom1	14258255	0.998504	0.00149572	8.53748e-09
Chrom1	14260305	0.994217	0.00578264	1.10721e-07
Chrom1	14265129	0.998552	0.00144836	9.35065e-09
Chrom1	14271657	0.999172	0.000828232	1.15819e-09
Chrom1	14273329	0.998639	0.00136058	5.76174e-09
Chrom1	14274527	0.998646	0.00135407	5.83029e-09
Chrom1	14276432	0.999451	0.000548878	7.45367e-10
Chrom1	14279410	0.999262	0.000738169	7.59957e-10
Chrom1	14281715	0.998617	0.00138292	2.39304e-08
Chrom1	14298165	0.998428	0.00157192	1.34831e-07
Chrom1	14299267	0.998416	0.0015842	1.42306e-07
Chrom1	14301536	0.998391	0.00160932	1.57696e-07
Chrom1	14302622	0.998379	0.00162127	1.6506e-07
Chrom1	14492244	0.997011	0.00298809	7.99163e-07
Chrom1	14561138	0.996869	0.00313089	4.06671e-07
Chrom1	14568943	0.998353	0.00164728	1.65337e-08
Chrom1	14875971	0.99524	0.0047579	2.35529e-06
Chrom1	14936907	0.995362	0.0046363	1.49371e-06
Chrom1	14977829	0.995527	0.00447221	6.69515e-07
Chrom1	14997384	0.998541	0.00145899	1.12255e-08
Chrom1	15017844	0.997545	0.00245542	8.00564e-09
Chrom1	15047500	0.994223	0.0057754	1.37052e-06
Chrom1	15218364	0.966296	0.0336481	5.55301e-05
Chrom1	15306777	0.898143	0.10182	3.63109e-05
Chrom1	15307882	0.989808	0.0101904	1.78421e-06
Chrom1	15318788	0.995941	0.00405865	1.50794e-08
Chrom1	15358560	0.996969	0.0030312	5.77067e-08
Chrom1	15366211	0.99962	0.00037992	2.16829e-10
Chrom1	15382898	0.998209	0.00179076	3.5355e-08
Chrom1	15445646	0.999548	0.000452492	4.00147e-09
Chrom1	15449958	0.99989	0.000109597	2.98074e-11
Chrom1	15477341	0.999828	0.000171987	3.09519e-10
Chrom1	15478621	0.999961	3.93035e-05	8.5356e-12
Chrom1	15481469	0.99995	4.97447e-05	3.5693e-12
Chrom1	15486772	0.999812	0.000187842	1.24908e-09
Chrom1	15511092	0.99896	0.00103994	3.28256e-08
Chrom1	15540863	0.999944	5.64641e-05	2.75688e-12
Chrom1	15546734	0.999883	0.000117097	1.45457e-11
Chrom1	15547940	0.999883	0.000116679	1.35286e-11
Chrom1	15562082	0.999828	0.000172005	1.55638e-11
Chrom1	15563216	0.999702	0.000298222	6.27582e-11
Chrom1	15564250	0.99992	7.98644e-05	2.15287e-12
Chrom1	15566817	0.999876	0.000123957	4.13252e-12
Chrom1	15568014	0.999405	0.000595329	1.09834e-10
Chrom1	15569505	0.999502	0.000498326	3.74748e-11
Chrom1	15571222	0.996107	0.00389323	2.53974e-09
Chrom1	15572445	0.999311	0.000688908	2.35434e-11
Chrom1	15575448	0.99896	0.00103963	9.09234e-10
Chrom1	15584662	0.987267	0.0127324	6.11144e-07
Chrom1	15603713	0.997161	0.00283874	6.73276e-09
Chrom1	15856340	0.906256	0.0937414	2.20587e-06
Chrom1	17173119	0.941241	0.0587356	2.38656e-05
Chrom1	17175419	0.968226	0.0317727	1.15307e-06
Chrom1	17365019	0.959327	0.0406708	1.94727e-06
Chrom1	17379217	0.958858	0.0411402	1.7623e-06
Chrom1	17403957	0.931034	0.0689545	1.11216e-05
Chrom1	17413678	0.929784	0.070204	1.20211e-05
Chrom1	17425217	0.982745	0.0172542	7.32921e-07
Chrom1	17449719	0.668003	0.33179	0.00020693
Chrom1	17545250	0.903975	0.0959788	4.62188e-05
Chrom1	17560060	0.902521	0.0974331	4.60961e-05
Chrom1	17605262	0.943412	0.0565854	2.49026e-06
Chrom1	17606269	0.897921	0.102036	4.27204e-05
Chrom1	17638103	0.708595	0.290722	0.000682947
Chrom1	17648598	0.891094	0.108801	0.000105707
Chrom1	17673953	0.890293	0.109591	0.000115622
Chrom1	17901088	0.884025	0.115885	8.99859e-05
Chrom1	17975216	0.882328	0.117636	3.50468e-05
Chrom1	17976341	0.925466	0.074527	7.41441e-06
Chrom1	17983215	0.747325	0.252667	7.35402e-06
Chrom1	17985090	0.88183	0.118133	3.71299e-05
Chrom1	18444320	0.893109	0.106297	0.000594375
Chrom1	18536006	0.89617	0.103213	0.000617103
Chrom1	18539208	0.896281	0.103101	0.000617416
Chrom1	18640088	0.899978	0.0994107	0.000611388
Chrom1	18646012	0.900205	0.0991845	0.000610102
Chrom1	18689076	0.901894	0.0975081	0.000597764
Chrom1	18694271	0.902102	0.0973021	0.000595925
Chrom1	19193586	0.926367	0.0735065	0.000126605
Chrom1	19195815	0.926495	0.0733819	0.000123478
Chrom1	19247911	0.977097	0.0229017	1.35075e-06
Chrom1	19340732	0.926734	0.0731905	7.51352e-05
Chrom1	19418907	0.757427	0.241501	0.00107228
Chrom1	19453021	0.92772	0.072248	3.15431e-05
Chrom1	19460458	0.794611	0.20524	0.000149297
Chrom1	19463583	0.986422	0.0135777	1.41334e-07
Chrom1	19466272	0.929606	0.0703856	8.47943e-06
Chrom1	19468060	0.977418	0.0225819	2.14658e-07
Chrom1	19480593	0.92909	0.0708967	1.31757e-05
Chrom1	19500121	0.928177	0.0718028	2.04596e-05
Chrom1	19514409	0.927517	0.072458	2.51954e-05
Chrom1	19530127	0.926799	0.0731712	2.98149e-05
Chrom1	19544914	0.926131	0.073835	3.35873e-05
Chrom1	19571194	0.924964	0.0749975	3.88921e-05
Chrom1	19607704	0.923381	0.0765762	4.32109e-05
Chrom1	19611497	0.923219	0.0767378	4.34517e-05
Chrom1	19723499	0.91866	0.0813077	3.20979e-05
Chrom1	19764160	0.950861	0.0491363	2.79378e-06
Chrom1	19844519	0.762213	0.237694	9.3436e-05
Chrom1	19893424	0.806548	0.193452	1.66677e-07
Chrom1	19904402	0.951426	0.0485742	2.19332e-08
Chrom1	19917174	0.912012	0.087987	1.41825e-06
Chrom1	19932429	0.912591	0.0874072	1.88854e-06
Chrom1	19953107	0.972009	0.0279913	3.1659e-08
Chrom1	19954174	0.913322	0.0866766	1.56864e-06
Chrom1	19955590	0.666563	0.333423	1.38082e-05
Chrom1	19981909	0.915524	0.0844711	4.68653e-06
Chrom1	20032464	0.919989	0.0800074	3.59072e-06
Chrom1	20048036	0.957154	0.0428463	8.55678e-08
Chrom1	20158186	0.959039	0.0409613	3.51994e-08
Chrom1	20195337	0.825675	0.174325	1.00823e-07
Chrom1	20198349	0.924187	0.0758125	7.50931e-07
Chrom1	20209012	0.809953	0.190041	6.41917e-06
Chrom1	20218591	0.807664	0.192327	9.23456e-06
Chrom1	20220167	0.960604	0.0393956	7.47309e-08
Chrom1	20270846	0.977874	0.0221259	4.4362e-07
Chrom1	20273009	0.946227	0.053769	4.04553e-06
Chrom1	20433954	0.968381	0.0316073	1.16928e-05
Chrom1	20451527	0.970858	0.0291308	1.07478e-05
Chrom1	20515498	0.979977	0.0200165	6.11779e-06
Chrom1	20578416	0.989102	0.0108962	1.39026e-06
Chrom1	20600206	0.995962	0.00403764	4.91036e-09
Chrom1	20601256	0.992379	0.00762122	1.08244e-07
Chrom1	20622636	0.998087	0.00191295	1.21674e-09
Chrom1	20635001	0.994251	0.0057492	8.93048e-08
Chrom1	20636804	0.994288	0.00571235	9.43314e-08
Chrom1	20639679	0.994347	0.00565334	1.00906e-07
Chrom1	20641531	0.981229	0.0187703	8.82616e-07
Chrom1	20658328	0.997816	0.00218383	1.58163e-10
Chrom1	20659937	0.999213	0.000787256	8.09308e-11
Chrom1	20664320	0.995859	0.00414083	3.2658e-08
Chrom1	20703802	0.995842	0.0041578	1.55977e-07
Chrom1	20709219	0.995845	0.00415532	1.54603e-07
Chrom1	20715886	0.995849	0.00415068	1.46857e-07
Chrom1	20736893	0.995875	0.00412458	7.8927e-08
Chrom1	20738463	0.995878	0.00412193	7.12087e-08
Chrom1	20744463	0.997547	0.00245278	7.34902e-09
Chrom1	20753371	0.997817	0.00218252	1.17591e-09
Chrom1	20799212	0.996992	0.00300745	5.58688e-08
Chrom1	21042976	0.986135	0.013862	2.70158e-06
Chrom1	21049437	0.995187	0.00481252	1.40814e-07
Chrom1	21053587	0.995897	0.00410321	2.04918e-07
Chrom1	21720287	0.460611	0.533877	0.00551186
Chrom1	21753788	0.725324	0.273647	0.00102948
Chrom1	21757265	0.81626	0.183523	0.000217451
Chrom1	21758658	0.724746	0.274234	0.0010198
Chrom1	21762662	0.723995	0.274977	0.0010281
Chrom1	22228955	0.769895	0.23004	6.42318e-05
Chrom1	22230181	0.322999	0.673985	0.00301591
Chrom1	22505920	0.622076	0.375513	0.0024108
Chrom1	22821755	0.60494	0.392161	0.00289923
Chrom1	22823583	0.604844	0.392258	0.00289814
Chrom1	22869102	0.314536	0.677154	0.00830951
Chrom1	23191916	0.773732	0.22626	7.79156e-06
Chrom1	23194988	0.776126	0.223869	5.8581e-06
Chrom1	23200029	0.64372	0.356129	0.000150862
Chrom1	23272683	0.380255	0.61776	0.00198554
Chrom1	23453365	0.305531	0.690405	0.00406395
Chrom1	23668663	0.776063	0.223329	0.000607684
Chrom1	23832419	0.868041	0.131774	0.000184929
Chrom1	23856050	0.881397	0.118471	0.000132531
Chrom1	23879551	0.934475	0.0655082	1.68423e-05
Chrom1	23930012	0.911611	0.0883273	6.12572e-05
Chrom1	23959315	0.921472	0.0784813	4.6766e-05
Chrom1	24044183	0.973583	0.0264169	1.66445e-07
Chrom1	24056605	0.952353	0.0476418	5.70583e-06
Chrom1	24129584	0.965058	0.0349344	7.78779e-06
Chrom1	24199948	0.977498	0.0224976	4.87463e-06
Chrom1	24265327	0.989228	0.0107707	1.10918e-06
Chrom1	24288069	0.99875	0.00124984	2.21248e-09
Chrom1	24314178	0.997849	0.00215136	8.62253e-09
Chrom1	24334082	0.994228	0.00577141	1.79834e-07
Chrom1	24353816	0.994321	0.00567892	1.79142e-07
Chrom1	24369187	0.997029	0.00297119	7.24151e-09
Chrom1	24372589	0.984418	0.0155817	8.04364e-07
Chrom1	24373965	0.994398	0.0056022	1.87974e-07
Chrom1	24379411	0.994481	0.00551869	2.28761e-07
Chrom1	24383798	0.994549	0.00545058	2.57262e-07
Chrom1	24385271	0.994572	0.00542754	2.65976e-07
Chrom1	24470961	0.997742	0.0022583	2.09038e-08
Chrom1	24472101	0.996068	0.0039321	1.47837e-07
Chrom1	24473408	0.996077	0.0039231	1.51463e-07
Chrom1	24512669	0.996379	0.00362105	1.52277e-07
Chrom1	24530834	0.998182	0.00181776	4.23561e-09
Chrom1	24534723	0.996532	0.00346788	1.2756e-07
Chrom1	24685644	0.996714	0.00328516	4.52059e-07
Chrom1	24737066	0.998409	0.00159095	1.93482e-09
Chrom1	24749524	0.999047	0.000953393	3.61457e-09
Chrom1	24805782	0.995356	0.00464381	1.07496e-07
Chrom1	24815571	0.995094	0.00490627	7.2919e-08
Chrom1	24822783	0.981585	0.018415	1.17205e-08
Chrom1	24846709	0.995018	0.00498143	1.23015e-07
Chrom1	24865093	0.995123	0.00487714	1.17522e-07
Chrom1	24866322	0.99513	0.0048697	1.14975e-07
Chrom1	24868481	0.995143	0.00485647	1.09848e-07
Chrom1	24870101	0.997278	0.00272202	1.27787e-08
Chrom1	24881319	0.982205	0.0177937	1.19635e-06
Chrom1	24883405	0.995149	0.00485094	1.93346e-07
Chrom1	24886721	0.995232	0.00476741	1.95924e-07
Chrom1	24923506	0.997677	0.00232256	2.54047e-08
Chrom1	24933335	0.996324	0.00367624	1.3096e-07
Chrom1	24940756	0.996428	0.00357152	1.3318e-07
Chrom1	24966589	0.999013	0.000987435	2.38825e-09
Chrom1	24995921	0.988046	0.0119481	6.05159e-06
Chrom1	25082059	0.998556	0.0014435	7.77022e-08
Chrom1	25084763	0.99862	0.00137961	6.4273e-08
Chrom1	25091009	0.999614	0.000385736	9.99774e-10
Chrom1	25116808	0.998902	0.00109751	5.8813e-08
Chrom1	25120610	0.998924	0.00107561	6.03892e-08
Chrom1	25165470	0.999226	0.000773675	4.94562e-08
Chrom1	25222059	0.999722	0.000278183	1.83154e-09
Chrom1	25223678	0.999863	0.000137086	3.30851e-11
Chrom1	25236064	0.999893	0.000106627	8.4168e-12
Chrom1	25258475	0.999972	2.82811e-05	1.15673e-12
Chrom1	25260738	0.999834	0.000166208	1.68983e-10
Chrom1	25272467	0.999889	0.000110795	3.99892e-12
Chrom1	25275728	0.999868	0.000131718	4.29032e-11
Chrom1	25413500	0.997878	0.0021217	1.30136e-07
Chrom1	25416134	0.998845	0.00115525	9.26312e-09
Chrom1	25519111	0.998137	0.00186266	1.91721e-07
Chrom1	25773837	0.982796	0.017183	2.12994e-05
Chrom1	25787480	0.947439	0.0524031	0.000158103
Chrom1	25790426	0.937465	0.0624011	0.000133491
Chrom1	25812674	0.983806	0.0161766	1.7176e-05
Chrom1	25878695	0.993236	0.00676292	8.52028e-07
Chrom1	25930299	0.990918	0.00907979	2.1556e-06
Chrom1	25937927	0.991254	0.00874373	1.79636e-06
Chrom1	25966985	0.995665	0.0043354	6.61242e-08
Chrom1	25987457	0.993034	0.00696583	1.71524e-07
Chrom1	25990687	0.996386	0.00361433	5.77816e-09
Chrom1	26013497	0.993254	0.00674602	3.1621e-07
Chrom1	26019558	0.993295	0.00670456	3.45036e-07
Chrom1	26021898	0.993311	0.00668817	3.53756e-07
Chrom1	26051840	0.99354	0.00645947	3.49536e-07
Chrom1	26076683	0.996735	0.00326506	8.12997e-09
Chrom1	26077943	0.99375	0.00624999	2.19791e-07
Chrom1	26131618	0.993509	0.00648962	1.23872e-06
Chrom1	26136784	0.993492	0.00650671	1.30622e-06
Chrom1	26137851	0.993489	0.00651011	1.31947e-06
Chrom1	26174627	0.993398	0.0065999	1.63159e-06
Chrom1	26313041	0.993538	0.00646145	2.36056e-07
Chrom1	26317214	0.98248	0.0175195	3.92469e-08
Chrom1	26319428	0.993628	0.00637138	1.37833e-07
Chrom1	26351612	0.994729	0.005271	1.09863e-07
Chrom1	26354680	0.997072	0.00292768	1.27748e-08
Chrom1	26363473	0.994982	0.00501738	1.39674e-07
Chrom1	26375337	0.997168	0.00283236	3.04795e-08
Chrom1	26412373	0.995406	0.00459297	6.73524e-07
Chrom1	26533283	0.996508	0.00349142	1.00411e-06
Chrom1	26562286	0.996858	0.00314105	8.61245e-07
Chrom1	26597315	0.997326	0.00267332	6.20636e-07
Chrom1	26618273	0.997629	0.00237012	4.54301e-07
Chrom1	26631963	0.997837	0.00216263	3.41309e-07
Chrom1	26665468	0.999503	0.000496939	1.71061e-09
Chrom1	26749757	0.999094	0.000906401	2.16339e-08
Chrom1	26773768	0.998474	0.00152624	1.35294e-07
Chrom1	26776068	0.999063	0.000937219	3.0985e-08
Chrom1	26806401	0.994292	0.00570456	3.35963e-06
Chrom1	26877317	0.999621	0.000378657	1.14161e-08
Chrom1	26882668	0.999059	0.000941066	9.88148e-08
Chrom1	26911020	0.999135	0.000864665	1.01527e-07
Chrom1	26913216	0.999142	0.000857409	1.01e-07
Chrom1	26958362	0.999334	0.000665583	7.22763e-08
Chrom1	26960284	0.999344	0.000655611	7.04857e-08
Chrom1	27001267	0.999592	0.000407843	2.92337e-08
Chrom1	27041753	0.999972	2.83799e-05	1.06498e-11
Chrom1	27051753	0.999968	3.23493e-05	3.19691e-11
Chrom1	27058897	0.999975	2.51045e-05	2.85953e-11
Chrom1	27065496	0.999901	9.87686e-05	6.91425e-10
Chrom1	27073738	0.999877	0.000122563	1.12402e-09
Chrom1	27075171	0.999376	0.000623536	1.70299e-08
Chrom1	27079238	0.999931	6.945e-05	1.81237e-10
Chrom1	27105474	0.999988	1.24672e-05	4.10428e-12
Chrom1	27106893	0.99993	6.95314e-05	3.30861e-10
Chrom1	27107979	0.999928	7.1641e-05	4.01005e-10
Chrom1	27175071	0.999942	5.7999e-05	1.58909e-11
Chrom1	27217058	0.999935	6.51242e-05	1.94387e-12
Chrom1	27220087	0.999945	5.45102e-05	9.91103e-12
Chrom1	27229942	0.999815	0.000184535	2.1244e-10
Chrom1	27233877	0.999893	0.000106953	4.65708e-12
Chrom1	27237321	0.999873	0.000126956	2.17462e-11
Chrom1	27240024	0.999701	0.000298925	4.10799e-09
Chrom1	27269543	0.997402	0.00259809	3.9996e-07
Chrom1	27317539	0.998926	0.00107401	1.52015e-07
Chrom1	27342424	0.998871	0.00112848	1.66127e-07
Chrom1	27359914	0.998848	0.00115199	1.65662e-07
Chrom1	27438483	0.998893	0.00110712	5.04467e-08
Chrom1	27454143	0.999555	0.000445342	8.60229e-10
Chrom1	27458370	0.999427	0.000573408	1.09291e-10
Chrom1	27475989	0.999301	0.000699476	1.05775e-10
Chrom1	27511358	0.993332	0.00666798	9.20466e-08
Chrom1	27513862	0.999578	0.000422015	2.1142e-10
Chrom1	27532862	0.996683	0.00331741	7.56592e-08
Chrom1	27543480	0.996132	0.00386796	1.00568e-07
Chrom1	27574929	0.98674	0.0132598	2.80707e-08
Chrom1	27614618	0.982668	0.0173296	2.86558e-06
Chrom1	27624794	0.982808	0.0171893	2.8636e-06
Chrom1	27630501	0.994276	0.0057237	5.39209e-07
Chrom1	27663751	0.995868	0.00413237	1.23495e-07
Chrom1	27665262	0.995941	0.00405901	1.03852e-07
Chrom1	27666608	0.997616	0.00238441	1.66259e-08
Chrom1	27672010	0.996154	0.00384562	6.96249e-08
Chrom1	27673199	0.996187	0.0038129	6.54721e-08
Chrom1	27674848	0.996233	0.00376743	5.94439e-08
Chrom1	27678072	0.996322	0.00367821	4.67817e-08
Chrom1	27679300	0.99809	0.00190977	1.93319e-09
Chrom1	27685220	0.996423	0.00357707	7.85487e-08
Chrom1	27709741	0.996715	0.00328459	1.84099e-07
Chrom1	27736122	0.997056	0.00294331	2.21937e-07
Chrom1	27789311	0.998705	0.00129546	2.26664e-08
Chrom1	27817891	0.998036	0.001964	1.42447e-07
Chrom1	27888361	0.999304	0.000695984	1.00558e-09
Chrom1	27893990	0.999513	0.000486955	2.10543e-09
Chrom1	27901702	0.998645	0.00135461	5.448e-08
Chrom1	27902944	0.998636	0.00136357	5.96606e-08
Chrom1	27904124	0.998628	0.00137202	6.45528e-08
Chrom1	27917927	0.998533	0.0014668	1.19385e-07
Chrom1	27938512	0.994609	0.00538962	1.64069e-06
Chrom1	27998796	0.99902	0.000979739	4.83736e-08
Chrom1	28000340	0.999038	0.000962101	4.41712e-08
Chrom1	28004901	0.999091	0.000909441	3.18e-08
Chrom1	28012442	0.999653	0.000347124	1.65929e-09
Chrom1	28014926	0.999688	0.000312334	1.03581e-09
Chrom1	28018286	0.999168	0.000831731	1.085e-08
Chrom1	28027343	0.997244	0.00275615	6.40399e-08
Chrom1	28037334	0.99986	0.00013998	6.69275e-11
Chrom1	28074960	0.998786	0.00121383	5.55591e-08
Chrom1	28139103	0.99945	0.000550446	7.67116e-10
Chrom1	28144714	0.998071	0.0019294	4.23504e-08
Chrom1	28155525	0.997728	0.00227196	7.4869e-08
Chrom1	28160863	0.997561	0.00243939	8.9524e-08
Chrom1	28201790	0.996314	0.00368544	1.3755e-07
Chrom1	28238466	0.983947	0.0160527	3.12456e-09
Chrom1	28239522	0.995256	0.00474438	1.48695e-08
Chrom1	28247457	0.985322	0.0146779	1.25128e-07
Chrom1	28257566	0.998654	0.00134627	7.85595e-11
Chrom1	28272615	0.997703	0.00229655	1.71813e-10
Chrom1	28303360	0.997522	0.00247774	6.92546e-10
Chrom1	28308952	0.995134	0.00486571	3.90954e-08
Chrom1	28310911	0.995082	0.00491747	4.65615e-08
Chrom1	28320882	0.997996	0.00200415	7.99496e-09
Chrom1	28322027	0.997016	0.00298367	1.17647e-08
Chrom1	28356935	0.99007	0.00992679	2.97087e-06
Chrom1	28918570	0.957193	0.042807	2.1639e-07
Chrom1	28947795	0.914748	0.0852464	5.81238e-06
Chrom1	28960600	0.911821	0.0881734	5.68972e-06
Chrom1	28982312	0.90687	0.0931253	4.23515e-06
Chrom1	28984172	0.906447	0.0935489	4.03398e-06
Chrom1	28987522	0.958065	0.0419345	5.41083e-07
Chrom1	29010844	0.89274	0.107256	4.35465e-06
Chrom1	29040706	0.9593	0.0406995	5.80127e-08
Chrom1	29041820	0.874122	0.125875	2.60965e-06
Chrom1	29062860	0.905414	0.0945853	6.66759e-07
Chrom1	29065431	0.30158	0.698135	0.000285067
Chrom1	29130565	0.80591	0.193998	9.187e-05
Chrom1	29137530	0.803762	0.19614	9.80488e-05
Chrom1	29149803	0.799981	0.199911	0.000108237
Chrom1	29160926	0.796557	0.203326	0.000116676
Chrom1	29164398	0.795489	0.204391	0.000119151
Chrom1	29168178	0.794327	0.205551	0.000121758
Chrom1	29177009	0.568943	0.430621	0.000435588
Chrom1	29185820	0.790904	0.20897	0.000126042
Chrom1	29187099	0.790801	0.209073	0.000125781
Chrom1	29260468	0.784972	0.214939	8.88657e-05
Chrom1	29317048	0.871976	0.128022	1.50349e-06
Chrom1	29383456	0.237249	0.762252	0.000498828
Chrom1	29470787	0.872911	0.127088	9.96774e-07
Chrom1	29479579	0.782733	0.217241	2.59179e-05
Chrom1	29538051	0.786323	0.213625	5.21218e-05
Chrom1	29541212	0.786519	0.213428	5.2726e-05
Chrom1	29542921	0.786625	0.213322	5.30183e-05
Chrom1	29598396	0.790111	0.20984	4.95216e-05
Chrom1	29603393	0.790428	0.209524	4.79816e-05
Chrom1	29615686	0.791212	0.208745	4.33413e-05
Chrom1	29621609	0.79159	0.208369	4.06746e-05
Chrom1	29624377	0.791768	0.208193	3.93327e-05
Chrom1	29638580	0.79268	0.207288	3.14909e-05
Chrom1	29640832	0.792825	0.207144	3.0101e-05
Chrom1	29655177	0.865977	0.134019	4.23959e-06
Chrom1	29661265	0.793769	0.206211	2.04139e-05
Chrom1	29705306	0.922579	0.0774209	5.72587e-07
Chrom1	29724427	0.508081	0.491813	0.000106416
Chrom1	29728559	0.791102	0.208871	2.70274e-05
Chrom1	29744533	0.791492	0.208479	2.89906e-05
Chrom1	29758483	0.791837	0.208134	2.90057e-05
Chrom1	29764646	0.791991	0.207981	2.85088e-05
Chrom1	29769706	0.567213	0.432691	9.60792e-05
Chrom1	29778849	0.863366	0.136628	5.4061e-06
Chrom1	29795553	0.795552	0.204424	2.31556e-05
Chrom1	29822262	0.798258	0.201723	1.93116e-05
Chrom1	29828167	0.798858	0.201124	1.77094e-05
Chrom1	29848338	0.883792	0.116207	6.53423e-07
Chrom1	29856992	0.801089	0.198895	1.55144e-05
Chrom1	29858009	0.80111	0.198874	1.60996e-05
Chrom1	29865495	0.524829	0.475046	0.000125649
Chrom1	29891797	0.807414	0.19257	1.54482e-05
Chrom1	29905529	0.810633	0.189356	1.10055e-05
Chrom1	29915723	0.813026	0.186967	6.85651e-06
Chrom1	29925090	0.815227	0.184771	2.41906e-06
Chrom1	29926231	0.893225	0.106775	1.14183e-07
Chrom1	29929230	0.815818	0.18418	1.99636e-06
Chrom1	29930541	0.815959	0.184039	2.04486e-06
Chrom1	29933980	0.894959	0.10504	1.00321e-07
Chrom1	29969716	0.569029	0.430823	0.000148007
Chrom1	29972643	0.817856	0.182106	3.78049e-05
Chrom1	30000540	0.91801	0.0819836	6.81341e-06
Chrom1	30005442	0.824327	0.175622	5.04538e-05
Chrom1	30013778	0.824893	0.175046	6.07869e-05
Chrom1	30076209	0.607806	0.391501	0.000692582
Chrom1	30092805	0.834148	0.165736	0.000116123
Chrom1	30116080	0.841118	0.158778	0.000103396
Chrom1	30137866	0.645517	0.353983	0.000500004
Chrom1	30161566	0.955964	0.0440346	1.18541e-06
Chrom1	30198914	0.880538	0.119412	4.92775e-05
Chrom1	30404481	0.812192	0.187587	0.000220952
Chrom1	30451984	0.995986	0.00401429	6.72863e-08
Chrom1	30468054	0.999045	0.000955423	3.0095e-10
Chrom1	30475152	0.998887	0.00111322	7.94471e-11
Chrom1	30489777	0.999534	0.000466022	1.51674e-10
Chrom1	30493432	0.999695	0.000305087	3.01538e-11
Chrom1	30536966	0.999344	0.000655499	1.54879e-08
Chrom1	30575897	0.999851	0.000149332	1.75233e-11
Chrom1	30590635	0.999887	0.000113304	6.74446e-12
Chrom1	30606824	0.999817	0.000183334	2.18281e-10
Chrom1	30609520	0.999908	9.18711e-05	2.39624e-12
Chrom1	30612825	0.999895	0.000105059	2.78796e-11
Chrom1	30624180	0.999802	0.000198452	9.00654e-10
Chrom1	30626573	0.999927	7.32696e-05	8.22145e-11
Chrom1	30700569	0.999659	0.000341181	2.12368e-10
Chrom1	30717657	0.999153	0.000847135	2.5153e-08
Chrom1	30788323	0.9992	0.000799569	1.74796e-09
Chrom1	30790578	0.998435	0.00156517	4.78462e-08
Chrom1	30839126	0.997548	0.00245208	3.28369e-07
Chrom1	30854472	0.992409	0.00758944	1.86511e-06
Chrom1	30951287	0.998728	0.00127188	7.02644e-10
Chrom1	30965659	0.992575	0.00742445	9.47051e-08
Chrom1	30969970	0.998729	0.00127063	4.15015e-10
Chrom1	31012901	0.997695	0.00230488	6.57666e-08
Chrom1	31014268	0.997701	0.00229916	6.49655e-08
Chrom1	31024183	0.997745	0.00225539	5.46947e-08
Chrom1	31044965	0.994776	0.00522402	2.01567e-09
Chrom1	31070516	0.998427	0.00157305	1.02519e-08
Chrom1	31076800	0.999253	0.000746681	2.32103e-10
Chrom1	31123042	0.999106	0.000893542	2.40081e-08
Chrom1	31125627	0.999139	0.000861208	2.30279e-08
Chrom1	31163970	0.999816	0.000184496	6.74377e-12
Chrom1	31165385	0.99982	0.00018002	2.82899e-12
Chrom1	31166866	0.999899	0.000100543	2.10818e-12
Chrom1	31167891	0.999858	0.000142493	8.12705e-11
Chrom1	31215027	0.999107	0.000892605	1.06031e-07
Chrom1	31223349	0.996678	0.00332068	1.10873e-06
Chrom1	31319141	0.999637	0.000362651	5.81551e-10
Chrom1	31323417	0.999686	0.000314288	2.66313e-11
Chrom1	31332983	0.999805	0.000194795	9.1013e-12
Chrom1	31339554	0.999276	0.00072369	1.27303e-09
Chrom1	31342358	0.999598	0.000401756	6.89428e-11
Chrom1	31343453	0.999203	0.000796805	3.0286e-09
Chrom1	31346482	0.999115	0.000884939	7.76237e-09
Chrom1	31357636	0.998794	0.00120632	2.64756e-08
Chrom1	31367818	0.994952	0.00504768	3.74568e-07
Chrom1	31381200	0.998439	0.00156085	3.10468e-08
Chrom1	31387850	0.998409	0.00159075	2.10779e-08
Chrom1	31391756	0.999473	0.000527395	6.57449e-10
Chrom1	31435791	0.997394	0.00260638	6.92343e-09
Chrom1	31437644	0.998621	0.0013785	1.26539e-10
Chrom1	31442103	0.998254	0.00174578	1.29502e-09
Chrom1	31455202	0.997877	0.00212285	2.79056e-09
Chrom1	31467235	0.994576	0.00542364	1.4584e-07
Chrom1	31472455	0.99388	0.00611963	2.0269e-07
Chrom1	31489760	0.99158	0.00841921	3.92569e-07
Chrom1	31554148	0.990275	0.00972503	7.47312e-08
Chrom1	31561339	0.981473	0.0185266	7.09298e-07
Chrom1	31600538	0.922457	0.0775367	6.35327e-06
Chrom1	31601873	0.983264	0.0167359	2.65948e-07
Chrom1	31615333	0.990887	0.00911338	4.03171e-08
Chrom1	31660272	0.877566	0.122284	0.000150518
Chrom1	31665969	0.950936	0.0490251	3.92375e-05
Chrom1	31669942	0.950351	0.0496081	4.13252e-05
Chrom1	31680207	0.948842	0.0511116	4.67081e-05
Chrom1	31694277	0.94678	0.0531661	5.40456e-05
Chrom1	31712797	0.944077	0.0558591	6.35945e-05
Chrom1	31741110	0.93997	0.0599519	7.78356e-05
Chrom1	31744811	0.939436	0.0604848	7.96566e-05
Chrom1	31764061	0.936663	0.0632484	8.89444e-05
Chrom1	31771835	0.935547	0.0643607	9.25987e-05
Chrom1	31780918	0.934246	0.0656576	9.67899e-05
Chrom1	31787509	0.933303	0.0665969	9.9775e-05
Chrom1	31940080	0.771525	0.227539	0.000935543
Chrom1	31941374	0.911902	0.0879488	0.000148859
Chrom1	31950095	0.91177	0.0880887	0.000141802
Chrom1	31988614	0.911213	0.088679	0.000107905
Chrom1	32008989	0.910939	0.088973	8.81641e-05
Chrom1	32014494	0.750831	0.248423	0.000745325
Chrom1	32018702	0.911297	0.0886354	6.72106e-05
Chrom1	32021530	0.911587	0.0883562	5.68715e-05
Chrom1	32027209	0.912169	0.0877946	3.61414e-05
Chrom1	32030434	0.912501	0.0874751	2.43885e-05
Chrom1	32033301	0.973078	0.0269222	3.23186e-07
Chrom1	32079555	0.912212	0.0877864	1.84173e-06
Chrom1	32082717	0.952176	0.0478236	3.3984e-08
Chrom1	32087007	0.963205	0.0367945	9.71245e-08
Chrom1	32093080	0.910552	0.0894464	1.43136e-06
Chrom1	32103183	0.908361	0.0916373	2.2351e-06
Chrom1	32110400	0.941809	0.0581908	5.45652e-07
Chrom1	32112626	0.905977	0.0940194	3.15145e-06
Chrom1	32198709	0.874408	0.12558	1.20145e-05
Chrom1	32206911	0.871412	0.128576	1.13058e-05
Chrom1	32208508	0.870829	0.12916	1.11308e-05
Chrom1	32224032	0.865165	0.134826	8.7789e-06
Chrom1	32236349	0.860676	0.139318	6.0353e-06
Chrom1	32244383	0.857751	0.142245	3.80594e-06
Chrom1	32248433	0.917276	0.0827238	2.03526e-07
Chrom1	32249565	0.8555	0.144497	2.66229e-06
Chrom1	32270182	0.841362	0.158634	3.58469e-06
Chrom1	32288953	0.901996	0.0980034	1.2203e-07
Chrom1	32290764	0.826127	0.17387	3.05645e-06
Chrom1	32300017	0.814001	0.185992	6.9835e-06
Chrom1	32326190	0.779716	0.220268	1.59522e-05
Chrom1	32334223	0.769197	0.230785	1.79145e-05
Chrom1	32365585	0.728142	0.271837	2.09625e-05
Chrom1	32371001	0.471164	0.528771	6.47328e-05
Chrom1	32394245	0.825436	0.174564	3.19421e-07
Chrom1	32398382	0.707179	0.292811	9.52689e-06
Chrom1	32402865	0.703303	0.296685	1.20929e-05
Chrom1	32404328	0.702038	0.29795	1.28873e-05
Chrom1	32405971	0.700617	0.299369	1.3754e-05
Chrom1	32409840	0.697272	0.302713	1.56868e-05
Chrom1	32414007	0.693669	0.306313	1.75962e-05
Chrom1	32424370	0.800943	0.199055	2.00407e-06
Chrom1	32425836	0.407462	0.592453	8.49946e-05
Chrom1	32440429	0.674955	0.324987	5.85512e-05
Chrom1	32466256	0.365495	0.634155	0.00034943
Chrom1	32517480	0.782824	0.217168	8.64666e-06
Chrom1	32539063	0.649795	0.34989	0.000315029
Chrom1	32585946	0.63715	0.362139	0.000710959
Chrom1	32593486	0.374664	0.623146	0.00219031
Chrom1	32600440	0.634764	0.364434	0.000802721
Chrom1	32613616	0.360511	0.635884	0.00360479
Chrom1	32621639	0.63499	0.364159	0.000850833
Chrom1	32666991	0.6401	0.3591	0.000799937
Chrom1	32764345	0.651157	0.348241	0.000602048
Chrom1	32786159	0.653653	0.345806	0.000541594
Chrom1	32790281	0.654125	0.345346	0.000529523
Chrom1	32791758	0.654294	0.345181	0.000525147
Chrom1	32802084	0.655478	0.344028	0.000493825
Chrom1	32806606	0.655997	0.343523	0.000479705
Chrom1	32816881	0.657178	0.342375	0.000446714
Chrom1	32842394	0.366852	0.632009	0.00113824
Chrom1	32856581	0.666928	0.332809	0.00026355
Chrom1	32865100	0.67102	0.328774	0.00020571
Chrom1	32879039	0.866643	0.133342	1.40779e-05
Chrom1	32901998	0.803233	0.196763	3.50422e-06
Chrom1	32933576	0.681702	0.318175	0.000123003
Chrom1	32934979	0.681745	0.318129	0.00012524
Chrom1	32957622	0.682451	0.317391	0.000157993
Chrom1	32970039	0.682842	0.316985	0.000173288
Chrom1	32972600	0.405827	0.593618	0.000555435
Chrom1	32974395	0.683365	0.316459	0.00017615
Chrom1	33042866	0.859031	0.140951	1.88939e-05
Chrom1	33110088	0.423893	0.574934	0.00117351
Chrom1	33156226	0.718935	0.280882	0.000182635
Chrom1	33186415	0.728513	0.271355	0.00013126
Chrom1	33188327	0.837717	0.162276	6.35779e-06
Chrom1	33214410	0.733013	0.266767	0.000219937
Chrom1	33215484	0.394744	0.603341	0.00191597
Chrom1	33250589	0.758407	0.241382	0.000211107
Chrom1	33493729	0.934174	0.0657973	2.9162e-05
Chrom1	33495542	0.935492	0.0644798	2.80749e-05
Chrom1	33505063	0.942419	0.0575579	2.263e-05
Chrom1	33547491	0.973337	0.0266581	4.6229e-06
Chrom1	33567550	0.994939	0.00506082	4.52715e-08
Chrom1	33573638	0.996689	0.00331116	6.97418e-09
Chrom1	33579103	0.994952	0.00504819	2.06894e-10
Chrom1	33582011	0.970028	0.029972	5.09578e-10
Chrom1	33601820	0.993802	0.0061976	3.35619e-08
Chrom1	33617003	0.999341	0.000658789	7.51253e-11
Chrom1	33627683	0.997994	0.00200568	3.39116e-09
Chrom1	33691099	0.997619	0.00238092	4.59861e-08
Chrom1	33692250	0.999247	0.000752809	4.17275e-09
Chrom1	33704622	0.992635	0.00736487	2.67492e-07
Chrom1	33711104	0.999301	0.000699474	1.25514e-09
Chrom1	33732497	0.997722	0.00227832	1.61259e-07
Chrom1	33736475	0.997721	0.00227912	1.80333e-07
Chrom1	33738365	0.997721	0.00227928	1.89013e-07
Chrom1	33742962	0.997721	0.00227908	2.09092e-07
Chrom1	33871245	0.998065	0.00193447	2.10042e-07
Chrom1	33907439	0.999098	0.000902488	2.22551e-09
Chrom1	33909334	0.998279	0.001721	4.96722e-08
Chrom1	33913846	0.998274	0.00172562	5.9665e-08
Chrom1	33918901	0.99827	0.00172983	6.94986e-08
Chrom1	33981235	0.998302	0.0016982	7.16874e-08
Chrom1	33990904	0.998321	0.00167944	5.25894e-08
Chrom1	33998693	0.998338	0.00166162	3.35596e-08
Chrom1	34002189	0.999129	0.000871121	1.27835e-09
Chrom1	34060586	0.998126	0.00187353	5.65556e-08
Chrom1	34063409	0.998119	0.00188076	5.28026e-08
Chrom1	34065528	0.99901	0.000990334	2.44795e-09
Chrom1	34066763	0.9981	0.00190023	5.98079e-08
Chrom1	34067974	0.998086	0.00191416	6.97582e-08
Chrom1	34071882	0.998041	0.00195868	1.01733e-07
Chrom1	34107412	0.997664	0.0023356	3.7662e-07
Chrom1	34117651	0.993306	0.00669229	2.017e-06
Chrom1	34234070	0.998462	0.00153754	2.72342e-07
Chrom1	34256416	0.998696	0.00130353	1.87701e-07
Chrom1	34307068	0.999636	0.000363974	1.5659e-10
Chrom1	34311740	0.999326	0.000673904	3.48241e-09
Chrom1	34320212	0.999673	0.000327295	7.09349e-11
Chrom1	34353878	0.999422	0.000577712	8.54009e-09
Chrom1	34355010	0.999425	0.000575312	8.3802e-09
Chrom1	34373594	0.99972	0.000279696	1.43051e-10
Chrom1	34387762	0.999456	0.000543711	6.27348e-09
Chrom1	34391174	0.999454	0.000546154	6.64661e-09
Chrom1	34396277	0.998293	0.00170707	3.5515e-08
Chrom1	34411268	0.999781	0.000218978	4.37736e-11
Chrom1	34414913	0.999597	0.000403488	1.19656e-09
Chrom1	34429118	0.999875	0.000125041	5.99166e-11
Chrom1	34437600	0.999886	0.000113824	1.04052e-10
Chrom1	34446288	0.999562	0.000437629	2.86919e-09
Chrom1	34458540	0.999453	0.000546959	3.87257e-09
Chrom1	34471477	0.999802	0.000198079	4.45819e-11
Chrom1	34486869	0.998869	0.00113102	1.82292e-08
Chrom1	34517236	0.997959	0.00204069	3.90735e-08
Chrom1	34529967	0.997589	0.00241113	3.37872e-08
Chrom1	34540821	0.997278	0.00272187	1.86931e-08
Chrom1	34544100	0.998521	0.00147873	5.8506e-10
Chrom1	34550817	0.996807	0.00319329	2.77771e-08
Chrom1	34590859	0.985121	0.0148785	3.45624e-09
Chrom1	34622151	0.996932	0.00306808	2.43823e-09
Chrom1	34692782	0.991777	0.00822152	1.13773e-06
Chrom1	34694297	0.991729	0.00826993	1.15023e-06
Chrom1	34696221	0.976256	0.0237389	5.49349e-06
Chrom1	34697649	0.994883	0.00511648	2.60169e-07
Chrom1	34705721	0.991569	0.00842931	1.33251e-06
Chrom1	34713251	0.991479	0.00851926	1.48229e-06
Chrom1	34738053	0.991198	0.00879984	1.86757e-06
Chrom1	34748897	0.970645	0.0293436	1.11068e-05
Chrom1	34750191	0.991115	0.00888302	1.9673e-06
Chrom1	34752726	0.975029	0.0249621	9.05889e-06
Chrom1	34769553	0.992629	0.00736986	1.37585e-06
Chrom1	34780869	0.993611	0.00638812	1.02195e-06
Chrom1	34805561	0.995772	0.00422806	3.56242e-07
Chrom1	34821430	0.999134	0.000866122	8.90507e-10
Chrom1	34825432	0.997274	0.0027255	3.36588e-08
Chrom1	34828743	0.997359	0.00264121	3.16573e-08
Chrom1	34842664	0.998809	0.00119077	5.72204e-10
Chrom1	34844414	0.997738	0.00226218	1.92968e-08
Chrom1	34850463	0.997807	0.00219267	3.75129e-08
Chrom1	34853224	0.99784	0.00216045	4.48471e-08
Chrom1	34854789	0.997858	0.00214206	4.87396e-08
Chrom1	34857032	0.997884	0.00211553	5.39911e-08
Chrom1	34871577	0.998061	0.00193862	7.92224e-08
Chrom1	34874994	0.998104	0.00189584	8.30832e-08
Chrom1	34906789	0.998524	0.00147548	8.83759e-08
Chrom1	34987920	0.999933	6.73168e-05	7.43439e-12
Chrom1	34991799	0.999939	6.14073e-05	3.83091e-12
Chrom1	35003100	0.99979	0.000209535	1.69674e-09
Chrom1	35017232	0.999876	0.000124202	4.32716e-10
Chrom1	35026354	0.999771	0.000228594	5.27983e-09
Chrom1	35058169	0.999737	0.000263396	1.23141e-08
Chrom1	35117117	0.999779	0.000220984	1.0575e-08
Chrom1	35172818	0.999947	5.32946e-05	2.56288e-10
Chrom1	35174860	0.999977	2.33171e-05	2.20677e-12
Chrom1	35177492	0.99996	3.96374e-05	4.73126e-11
Chrom1	35182537	0.999971	2.89869e-05	1.68378e-11
Chrom1	35183781	0.999997	3.04311e-06	7.04053e-14
Chrom1	35191974	0.999981	1.94364e-05	4.53896e-13
Chrom1	35213632	0.999961	3.91262e-05	3.89158e-11
Chrom1	35230243	0.999943	5.74573e-05	1.53404e-11
Chrom1	35231683	0.99978	0.000219625	1.95549e-09
Chrom1	35232757	0.999759	0.000241372	2.95047e-09
Chrom1	35248102	0.998344	0.00165575	1.86469e-07
Chrom1	35249313	0.999447	0.000553068	2.63611e-08
Chrom1	35262562	0.999385	0.000615276	3.24069e-08
Chrom1	35295535	0.99926	0.00073967	3.52729e-08
Chrom1	35302791	0.999239	0.000761219	3.29728e-08
Chrom1	35328258	0.99918	0.000820226	1.48663e-08
Chrom1	35338335	0.999563	0.00043706	1.3571e-10
Chrom1	35339691	0.999153	0.000846544	3.45346e-09
Chrom1	35351486	0.999069	0.000931432	4.70133e-09
Chrom1	35353119	0.999502	0.000498327	2.56283e-10
Chrom1	35354380	0.999037	0.000962775	7.16582e-09
Chrom1	35403456	0.998307	0.00169294	9.18356e-08
Chrom1	35427055	0.99799	0.00200989	1.01193e-07
Chrom1	35445114	0.9928	0.00719921	6.73483e-07
Chrom1	35450295	0.998843	0.00115746	2.30826e-09
Chrom1	35458198	0.997759	0.00224051	7.23513e-08
Chrom1	35465098	0.997737	0.00226333	8.73884e-08
Chrom1	35473596	0.997711	0.00228884	1.00951e-07
Chrom1	35484664	0.997682	0.00231776	1.10244e-07
Chrom1	35507005	0.997639	0.0023613	9.93691e-08
Chrom1	35511251	0.997633	0.00236734	9.27351e-08
Chrom1	35521232	0.99313	0.00686999	3.40942e-07
Chrom1	35524846	0.99768	0.00232018	5.20476e-08
Chrom1	35529058	0.997749	0.00225132	2.88492e-08
Chrom1	35530576	0.999316	0.000683601	4.73785e-10
Chrom1	35532829	0.997769	0.00223051	2.3714e-08
Chrom1	35548205	0.997746	0.00225366	3.59289e-08
Chrom1	35558332	0.997736	0.00226377	3.3349e-08
Chrom1	35564248	0.998809	0.00119105	1.37629e-09
Chrom1	35582308	0.997558	0.00244144	1.47937e-07
Chrom1	35677381	0.987872	0.0121236	4.13999e-06
Chrom1	35678589	0.996881	0.00311882	3.83025e-07
Chrom1	35686611	0.997036	0.00296419	2.70032e-07
Chrom1	35691071	0.997123	0.0028771	2.07052e-07
Chrom1	35692606	0.998256	0.00174379	4.15079e-08
Chrom1	35697906	0.997203	0.00279639	1.65771e-07
Chrom1	35699866	0.990824	0.009174	1.65015e-06
Chrom1	35708585	0.999267	0.000733318	3.27837e-10
Chrom1	35718621	0.998813	0.00118654	1.38402e-10
Chrom1	35736092	0.993745	0.0062553	4.78134e-08
Chrom1	35737152	0.998837	0.00116314	3.92753e-10
