1.121433973312377930e+00 1.905926167964935303e-01 1.883980929851531982e-01 1.877590864896774292e-01 1.819662898778915405e-01 1.948201805353164673e-01 1.782583594322204590e-01 1.737537533044815063e-01 1.757322996854782104e-01 1.829346865415573120e-01 1.729163825511932373e-01 1.779907643795013428e-01 1.879331916570663452e-01 1.672428101301193237e-01 1.685964465141296387e-01 1.963049769401550293e-01 1.807312518358230591e-01 1.836089938879013062e-01 2.056254148483276367e-01 2.073162198066711426e-01 2.046989649534225464e-01 1.956872344017028809e-01 1.907625943422317505e-01 2.068879306316375732e-01 2.061402350664138794e-01 1.881748586893081665e-01 2.099865376949310303e-01 1.975388973951339722e-01 -3.310448303818702698e-02 2.684446424245834351e-02 2.203330770134925842e-02 -3.053047135472297668e-02 -3.322290629148483276e-02 -1.205551400780677795e-01 -2.182016968727111816e-01 -1.092967838048934937e-01 -3.627621382474899292e-02 -5.544260516762733459e-02 -4.432971775531768799e-02 -2.351592481136322021e-02 -1.168140843510627747e-01 -2.243318408727645874e-01 -2.169368267059326172e-01 -2.163988351821899414e-01 -2.206096500158309937e-01 -2.283045351505279541e-01 -2.317872941493988037e-01 -2.287375032901763916e-01 -2.255199551582336426e-01 -2.190105319023132324e-01 -2.192325443029403687e-01 -2.130278199911117554e-01 -2.394593209028244019e-01 -2.234386056661605835e-01 -2.358285486698150635e-01 -2.355274409055709839e-01 -2.329017072916030884e-01 -2.441167980432510376e-01 -2.616954147815704346e-01 -9.368220716714859009e-02 -7.905013859272003174e-02 -8.871863037347793579e-02 -1.125826314091682434e-01 -1.038085296750068665e-01 -1.022773534059524536e-01 -8.350147306919097900e-02
1.905926167964935303e-01 1.079664230346679688e+00 2.053338885307312012e-01 2.295282036066055298e-01 2.110262066125869751e-01 2.126260846853256226e-01 2.131548970937728882e-01 1.898986399173736572e-01 1.907414942979812622e-01 1.923163682222366333e-01 1.819485723972320557e-01 1.973259299993515015e-01 1.874171644449234009e-01 1.874707490205764771e-01 1.808580756187438965e-01 2.112802416086196899e-01 1.770156174898147583e-01 1.936821788549423218e-01 2.044353187084197998e-01 2.229840755462646484e-01 2.124794721603393555e-01 1.954585760831832886e-01 2.366120815277099609e-01 1.989037543535232544e-01 2.130203396081924438e-01 2.027769982814788818e-01 2.106013894081115723e-01 1.968069523572921753e-01 -3.828034177422523499e-02 1.870613917708396912e-02 1.624517515301704407e-02 -3.470625355839729309e-02 -4.827816411852836609e-02 -1.424959152936935425e-01 -2.230188846588134766e-01 -1.147918626666069031e-01 -5.652841180562973022e-02 -5.697790160775184631e-02 -5.947356671094894409e-02 -2.472564019262790680e-02 -1.273690015077590942e-01 -2.508412897586822510e-01 -2.406647205352783203e-01 -2.404155433177947998e-01 -2.433162331581115723e-01 -2.486327439546585083e-01 -2.485374510288238525e-01 -2.500852644443511963e-01 -2.477004230022430420e-01 -2.416090369224548340e-01 -2.442137598991394043e-01 -2.389433532953262329e-01 -2.631029784679412842e-01 -2.432263642549514771e-01 -2.583281993865966797e-01 -2.590354084968566895e-01 -2.559063136577606201e-01 -2.679356932640075684e-01 -2.822988927364349365e-01 -1.126291751861572266e-01 -9.361113607883453369e-02 -1.069234535098075867e-01 -1.287020742893218994e-01 -1.096125915646553040e-01 -1.224470660090446472e-01 -1.005917116999626160e-01
1.883980929851531982e-01 2.053338885307312012e-01 1.083272814750671387e+00 2.210031896829605103e-01 1.996749490499496460e-01 2.056786864995956421e-01 2.002572268247604370e-01 1.906736493110656738e-01 1.783958524465560913e-01 1.969764828681945801e-01 1.744629740715026855e-01 1.872417777776718140e-01 1.973883807659149170e-01 1.789110600948333740e-01 1.775082796812057495e-01 1.981957852840423584e-01 1.810307949781417847e-01 1.974758803844451904e-01 1.969519406557083130e-01 2.137391716241836548e-01 2.143791615962982178e-01 2.037484794855117798e-01 2.151026427745819092e-01 2.088085860013961792e-01 2.091100513935089111e-01 2.016779929399490356e-01 2.101847976446151733e-01 2.040838003158569336e-01 -3.520070761442184448e-02 2.877229265868663788e-02 2.102174237370491028e-02 -3.730164840817451477e-02 -3.924763575196266174e-02 -1.332604587078094482e-01 -2.324270009994506836e-01 -1.173297092318534851e-01 -4.222868382930755615e-02 -5.195479467511177063e-02 -5.264463648200035095e-02 -2.479884959757328033e-02 -1.238006800413131714e-01 -2.445286661386489868e-01 -2.342517971992492676e-01 -2.314783334732055664e-01 -2.360778599977493286e-01 -2.439038157463073730e-01 -2.440768033266067505e-01 -2.415944188833236694e-01 -2.403140217065811157e-01 -2.358509898185729980e-01 -2.359015345573425293e-01 -2.329061627388000488e-01 -2.592560648918151855e-01 -2.409784197807312012e-01 -2.512238025665283203e-01 -2.543557584285736084e-01 -2.477197647094726562e-01 -2.574166953563690186e-01 -2.800235152244567871e-01 -1.028827726840972900e-01 -8.164236694574356079e-02 -9.509233385324478149e-02 -1.266458034515380859e-01 -1.015907898545265198e-01 -1.168569028377532959e-01 -9.699831157922744751e-02
1.877590864896774292e-01 2.295282036066055298e-01 2.210031896829605103e-01 1.094755887985229492e+00 2.163080275058746338e-01 2.292084395885467529e-01 2.219339460134506226e-01 1.912546604871749878e-01 1.926814019680023193e-01 2.036515772342681885e-01 1.802301406860351562e-01 1.878311634063720703e-01 1.945078969001770020e-01 1.784155815839767456e-01 1.772196590900421143e-01 2.118030637502670288e-01 1.667549461126327515e-01 1.993718892335891724e-01 2.008072435855865479e-01 2.082545906305313110e-01 2.151768803596496582e-01 2.021757960319519043e-01 2.427516281604766846e-01 2.106759846210479736e-01 2.095239460468292236e-01 1.894991397857666016e-01 1.933810412883758545e-01 2.098149955272674561e-01 -3.903701528906822205e-02 2.481454238295555115e-02 1.227134373039007187e-02 -3.495828434824943542e-02 -3.893364593386650085e-02 -1.349605470895767212e-01 -2.353482097387313843e-01 -1.155441701412200928e-01 -4.760257154703140259e-02 -5.497295409440994263e-02 -5.822657048702239990e-02 -3.762849047780036926e-02 -1.277642101049423218e-01 -2.487073987722396851e-01 -2.393231689929962158e-01 -2.400575429201126099e-01 -2.410170137882232666e-01 -2.478902935981750488e-01 -2.497227340936660767e-01 -2.521436810493469238e-01 -2.447485327720642090e-01 -2.435383796691894531e-01 -2.392708957195281982e-01 -2.311407774686813354e-01 -2.667718231678009033e-01 -2.456315904855728149e-01 -2.576396167278289795e-01 -2.624283134937286377e-01 -2.531021833419799805e-01 -2.694467008113861084e-01 -2.856737375259399414e-01 -1.125607341527938843e-01 -8.924615383148193359e-02 -9.661783277988433838e-02 -1.308535188436508179e-01 -1.011805608868598938e-01 -1.241581365466117859e-01 -9.585669636726379395e-02
1.819662898778915405e-01 2.110262066125869751e-01 1.996749490499496460e-01 2.163080275058746338e-01 1.131356596946716309e+00 2.116977721452713013e-01 2.045363038778305054e-01 1.891235113143920898e-01 1.963568627834320068e-01 1.983687877655029297e-01 1.887958943843841553e-01 1.923865973949432373e-01 1.938833296298980713e-01 1.832356303930282593e-01 1.867981851100921631e-01 2.157214879989624023e-01 1.803710609674453735e-01 1.866120547056198120e-01 2.110158503055572510e-01 2.212736755609512329e-01 2.192003726959228516e-01 2.036698609590530396e-01 2.248541861772537231e-01 2.169417291879653931e-01 2.224187850952148438e-01 2.022630721330642700e-01 2.197265774011611938e-01 2.014295607805252075e-01 -3.566128760576248169e-02 3.318287432193756104e-02 2.179723419249057770e-02 -2.937153168022632599e-02 -4.795707017183303833e-02 -1.331305503845214844e-01 -2.351947873830795288e-01 -1.136409118771553040e-01 -4.890593886375427246e-02 -5.472644418478012085e-02 -5.601509660482406616e-02 -2.406547591090202332e-02 -1.275080144405364990e-01 -2.465522438287734985e-01 -2.351737022399902344e-01 -2.356287091970443726e-01 -2.365432530641555786e-01 -2.438235729932785034e-01 -2.446681857109069824e-01 -2.475043833255767822e-01 -2.406127452850341797e-01 -2.361359000205993652e-01 -2.379690706729888916e-01 -2.325401157140731812e-01 -2.585124671459197998e-01 -2.424558550119400024e-01 -2.552525103092193604e-01 -2.557774484157562256e-01 -2.528446614742279053e-01 -2.648120820522308350e-01 -2.822486162185668945e-01 -9.418167173862457275e-02 -9.099958091974258423e-02 -9.862396866083145142e-02 -1.217330098152160645e-01 -1.074599474668502808e-01 -1.137330532073974609e-01 -8.993639796972274780e-02
1.948201805353164673e-01 2.126260846853256226e-01 2.056786864995956421e-01 2.292084395885467529e-01 2.116977721452713013e-01 1.106217861175537109e+00 2.116969376802444458e-01 1.908446699380874634e-01 1.858139187097549438e-01 1.936185657978057861e-01 1.791164875030517578e-01 1.924203038215637207e-01 2.009599208831787109e-01 1.801733374595642090e-01 1.830585449934005737e-01 2.039136141538619995e-01 1.833008676767349243e-01 1.855142265558242798e-01 2.050608694553375244e-01 2.104217112064361572e-01 2.105268836021423340e-01 1.993469446897506714e-01 2.202917039394378662e-01 2.112494856119155884e-01 2.264949828386306763e-01 1.993788927793502808e-01 2.097118347883224487e-01 2.100977897644042969e-01 -4.095764085650444031e-02 2.959079667925834656e-02 1.906362920999526978e-02 -3.163418546319007874e-02 -4.001757875084877014e-02 -1.316733956336975098e-01 -2.252318114042282104e-01 -1.098819077014923096e-01 -4.327921941876411438e-02 -5.714313313364982605e-02 -6.250507384538650513e-02 -2.629916556179523468e-02 -1.358570456504821777e-01 -2.461040914058685303e-01 -2.374959439039230347e-01 -2.396356761455535889e-01 -2.404206395149230957e-01 -2.472154051065444946e-01 -2.490931004285812378e-01 -2.462667673826217651e-01 -2.425968348979949951e-01 -2.405195534229278564e-01 -2.397041022777557373e-01 -2.301035523414611816e-01 -2.599656581878662109e-01 -2.424679249525070190e-01 -2.555005848407745361e-01 -2.567960619926452637e-01 -2.510620355606079102e-01 -2.675340771675109863e-01 -2.806241214275360107e-01 -9.757450222969055176e-02 -9.205013513565063477e-02 -1.039989665150642395e-01 -1.199270114302635193e-01 -1.057219058275222778e-01 -1.194676607847213745e-01 -9.417539834976196289e-02
1.782583594322204590e-01 2.131548970937728882e-01 2.002572268247604370e-01 2.219339460134506226e-01 2.045363038778305054e-01 2.116969376802444458e-01 1.076516985893249512e+00 1.895114928483963013e-01 1.878496408462524414e-01 1.875395327806472778e-01 1.760154366493225098e-01 1.840928494930267334e-01 2.032680511474609375e-01 1.845407485961914062e-01 1.833410412073135376e-01 2.018655836582183838e-01 1.686460971832275391e-01 1.871627271175384521e-01 2.097228318452835083e-01 2.061403244733810425e-01 1.996783614158630371e-01 1.964545398950576782e-01 2.277489751577377319e-01 1.918653249740600586e-01 2.031515836715698242e-01 1.997510045766830444e-01 2.069476991891860962e-01 1.969918906688690186e-01 -3.511717170476913452e-02 2.771855704486370087e-02 9.811421856284141541e-03 -3.014312498271465302e-02 -3.925988823175430298e-02 -1.309987604618072510e-01 -2.280104756355285645e-01 -1.143563240766525269e-01 -4.992099106311798096e-02 -5.757554620504379272e-02 -5.226446315646171570e-02 -2.586253173649311066e-02 -1.228241547942161560e-01 -2.419315874576568604e-01 -2.340931445360183716e-01 -2.312296181917190552e-01 -2.286859601736068726e-01 -2.446210235357284546e-01 -2.407110333442687988e-01 -2.422384768724441528e-01 -2.396952956914901733e-01 -2.353079319000244141e-01 -2.333619296550750732e-01 -2.305684536695480347e-01 -2.589139938354492188e-01 -2.384737133979797363e-01 -2.514595091342926025e-01 -2.639580368995666504e-01 -2.516882121562957764e-01 -2.669448256492614746e-01 -2.797099947929382324e-01 -1.030877307057380676e-01 -8.654420822858810425e-02 -1.043194681406021118e-01 -1.180291250348091125e-01 -1.046550571918487549e-01 -1.216293871402740479e-01 -9.112194180488586426e-02
1.737537533044815063e-01 1.898986399173736572e-01 1.906736493110656738e-01 1.912546604871749878e-01 1.891235113143920898e-01 1.908446699380874634e-01 1.895114928483963013e-01 1.132229804992675781e+00 1.783236414194107056e-01 1.868143528699874878e-01 1.720774769783020020e-01 1.811164319515228271e-01 1.878604292869567871e-01 1.778084486722946167e-01 1.788961291313171387e-01 2.009736597537994385e-01 1.800076663494110107e-01 1.858106106519699097e-01 1.943163722753524780e-01 2.098924219608306885e-01 2.012120932340621948e-01 1.997496336698532104e-01 2.136058658361434937e-01 2.013909071683883667e-01 2.114338874816894531e-01 1.887917071580886841e-01 2.072159796953201294e-01 1.951482743024826050e-01 -3.528394177556037903e-02 4.006790369749069214e-02 2.159173414111137390e-02 -2.985820360481739044e-02 -3.874560073018074036e-02 -1.168048232793807983e-01 -2.157957702875137329e-01 -1.064873039722442627e-01 -5.608220025897026062e-02 -4.387585446238517761e-02 -4.929381981492042542e-02 -2.120877057313919067e-02 -1.192128211259841919e-01 -2.320573329925537109e-01 -2.236869186162948608e-01 -2.258632779121398926e-01 -2.245397120714187622e-01 -2.331474274396896362e-01 -2.323947995901107788e-01 -2.339102923870086670e-01 -2.273610979318618774e-01 -2.245235890150070190e-01 -2.272365540266036987e-01 -2.197889089584350586e-01 -2.447002232074737549e-01 -2.284616380929946899e-01 -2.433428764343261719e-01 -2.436803579330444336e-01 -2.396043241024017334e-01 -2.536712288856506348e-01 -2.669147551059722900e-01 -9.767454862594604492e-02 -7.824205607175827026e-02 -8.945136517286300659e-02 -1.121157780289649963e-01 -9.999700635671615601e-02 -1.102274283766746521e-01 -8.088877797126770020e-02
1.757322996854782104e-01 1.907414942979812622e-01 1.783958524465560913e-01 1.926814019680023193e-01 1.963568627834320068e-01 1.858139187097549438e-01 1.878496408462524414e-01 1.783236414194107056e-01 1.095914006233215332e+00 1.893980652093887329e-01 1.704023331403732300e-01 1.978049576282501221e-01 1.997725367546081543e-01 1.804971694946289062e-01 1.778697222471237183e-01 2.138328254222869873e-01 1.896025389432907104e-01 1.891731023788452148e-01 1.946265399456024170e-01 2.049009799957275391e-01 2.116286903619766235e-01 1.944213211536407471e-01 1.893952637910842896e-01 2.079282402992248535e-01 2.027470618486404419e-01 1.994805335998535156e-01 2.168672233819961548e-01 1.919052004814147949e-01 -3.215713426470756531e-02 2.567610703408718109e-02 1.602231152355670929e-02 -3.049420192837715149e-02 -2.935688570141792297e-02 -1.289766728878021240e-01 -2.288853079080581665e-01 -1.072439402341842651e-01 -5.826748535037040710e-02 -5.269996821880340576e-02 -6.815521419048309326e-02 -2.715163491666316986e-02 -1.294607520103454590e-01 -2.332415133714675903e-01 -2.274849563837051392e-01 -2.271245568990707397e-01 -2.237085402011871338e-01 -2.400722950696945190e-01 -2.350371927022933960e-01 -2.390657663345336914e-01 -2.346508502960205078e-01 -2.279663830995559692e-01 -2.256412804126739502e-01 -2.178267091512680054e-01 -2.492413818836212158e-01 -2.324380129575729370e-01 -2.457623928785324097e-01 -2.503957748413085938e-01 -2.404508292675018311e-01 -2.532636523246765137e-01 -2.703546583652496338e-01 -9.263274073600769043e-02 -8.119964599609375000e-02 -9.701682627201080322e-02 -1.139579266309738159e-01 -1.052337586879730225e-01 -1.128461435437202454e-01 -8.360540121793746948e-02
1.829346865415573120e-01 1.923163682222366333e-01 1.969764828681945801e-01 2.036515772342681885e-01 1.983687877655029297e-01 1.936185657978057861e-01 1.875395327806472778e-01 1.868143528699874878e-01 1.893980652093887329e-01 1.068274378776550293e+00 1.923615634441375732e-01 2.022315710783004761e-01 1.984350085258483887e-01 1.881124824285507202e-01 1.822280585765838623e-01 2.146386504173278809e-01 1.828852146863937378e-01 2.009010314941406250e-01 2.070048600435256958e-01 2.164410650730133057e-01 2.151282876729965210e-01 2.034222781658172607e-01 2.063538283109664917e-01 2.062166184186935425e-01 2.108903080224990845e-01 2.050691545009613037e-01 2.201147526502609253e-01 2.192124575376510620e-01 -3.869016468524932861e-02 2.251310646533966064e-02 1.666816137731075287e-02 -1.902151107788085938e-02 -4.523337259888648987e-02 -1.356339454650878906e-01 -2.237407565116882324e-01 -1.200086399912834167e-01 -4.450701922178268433e-02 -5.557928979396820068e-02 -5.413961783051490784e-02 -2.522707730531692505e-02 -1.311398744583129883e-01 -2.446981370449066162e-01 -2.356126457452774048e-01 -2.366021275520324707e-01 -2.382165789604187012e-01 -2.440529316663742065e-01 -2.436957061290740967e-01 -2.440663725137710571e-01 -2.425288408994674683e-01 -2.367931455373764038e-01 -2.407457828521728516e-01 -2.291745692491531372e-01 -2.597675323486328125e-01 -2.424603104591369629e-01 -2.503550052642822266e-01 -2.589069306850433350e-01 -2.518756389617919922e-01 -2.668136358261108398e-01 -2.801758944988250732e-01 -9.870485961437225342e-02 -9.213801473379135132e-02 -1.017522513866424561e-01 -1.215556338429450989e-01 -1.110381186008453369e-01 -1.220211535692214966e-01 -9.875164926052093506e-02
1.729163825511932373e-01 1.819485723972320557e-01 1.744629740715026855e-01 1.802301406860351562e-01 1.887958943843841553e-01 1.791164875030517578e-01 1.760154366493225098e-01 1.720774769783020020e-01 1.704023331403732300e-01 1.923615634441375732e-01 1.054468274116516113e+00 2.314313650131225586e-01 1.730864942073822021e-01 1.789662092924118042e-01 1.678505688905715942e-01 1.907108128070831299e-01 1.710820496082305908e-01 1.902380436658859253e-01 2.016993016004562378e-01 1.990702748298645020e-01 1.976712346076965332e-01 1.845449954271316528e-01 1.821553409099578857e-01 1.842675805091857910e-01 2.030177414417266846e-01 1.873345375061035156e-01 1.930309385061264038e-01 2.155101150274276733e-01 -3.609789907932281494e-02 1.873415522277355194e-02 1.305982656776905060e-02 -3.153974562883377075e-02 -4.210814088582992554e-02 -1.223198920488357544e-01 -2.187253087759017944e-01 -9.761403501033782959e-02 -4.846245050430297852e-02 -6.979202479124069214e-02 -5.938266217708587646e-02 -3.210573270916938782e-02 -1.233525648713111877e-01 -2.257020026445388794e-01 -2.171261608600616455e-01 -2.197702825069427490e-01 -2.174320369958877563e-01 -2.304816693067550659e-01 -2.301318645477294922e-01 -2.307559102773666382e-01 -2.250835746526718140e-01 -2.204213440418243408e-01 -2.228155285120010376e-01 -2.121238559484481812e-01 -2.425944209098815918e-01 -2.217323035001754761e-01 -2.430311739444732666e-01 -2.405763119459152222e-01 -2.298923581838607788e-01 -2.514914274215698242e-01 -2.606536149978637695e-01 -8.730880916118621826e-02 -7.549483329057693481e-02 -9.173212200403213501e-02 -1.169172450900077820e-01 -9.237814694643020630e-02 -1.048707962036132812e-01 -7.794950157403945923e-02
1.779907643795013428e-01 1.973259299993515015e-01 1.872417777776718140e-01 1.878311634063720703e-01 1.923865973949432373e-01 1.924203038215637207e-01 1.840928494930267334e-01 1.811164319515228271e-01 1.978049576282501221e-01 2.022315710783004761e-01 2.314313650131225586e-01 1.057235479354858398e+00 1.956816166639328003e-01 1.846223324537277222e-01 1.842609196901321411e-01 2.089565843343734741e-01 1.666745245456695557e-01 1.996527314186096191e-01 2.070726007223129272e-01 2.081245332956314087e-01 2.115319073200225830e-01 1.997779458761215210e-01 1.908142864704132080e-01 2.023620456457138062e-01 2.141869515180587769e-01 2.063958197832107544e-01 2.080653011798858643e-01 2.124799191951751709e-01 -4.486406594514846802e-02 2.905487827956676483e-02 1.810157112777233124e-02 -3.217001259326934814e-02 -4.503638297319412231e-02 -1.302219927310943604e-01 -2.305290699005126953e-01 -1.145159974694252014e-01 -4.292211309075355530e-02 -6.268949806690216064e-02 -5.787487328052520752e-02 -2.482789196074008942e-02 -1.388490647077560425e-01 -2.450780719518661499e-01 -2.333836555480957031e-01 -2.323270738124847412e-01 -2.381010502576828003e-01 -2.452802360057830811e-01 -2.427618652582168579e-01 -2.450990974903106689e-01 -2.448815703392028809e-01 -2.396675199270248413e-01 -2.388545125722885132e-01 -2.288293838500976562e-01 -2.536629736423492432e-01 -2.451720088720321655e-01 -2.534317374229431152e-01 -2.556591331958770752e-01 -2.494210153818130493e-01 -2.636466026306152344e-01 -2.794986069202423096e-01 -9.653595089912414551e-02 -8.726554363965988159e-02 -9.808588773012161255e-02 -1.223778650164604187e-01 -1.022659987211227417e-01 -1.203690692782402039e-01 -9.539536386728286743e-02
1.879331916570663452e-01 1.874171644449234009e-01 1.973883807659149170e-01 1.945078969001770020e-01 1.938833296298980713e-01 2.009599208831787109e-01 2.032680511474609375e-01 1.878604292869567871e-01 1.997725367546081543e-01 1.984350085258483887e-01 1.730864942073822021e-01 1.956816166639328003e-01 1.100732088088989258e+00 1.982930451631546021e-01 1.936395615339279175e-01 2.241937071084976196e-01 2.091096639633178711e-01 2.141756862401962280e-01 2.322914153337478638e-01 2.371004372835159302e-01 2.376904189586639404e-01 2.249654382467269897e-01 1.979795396327972412e-01 2.105243653059005737e-01 2.219660431146621704e-01 2.214922308921813965e-01 2.230879515409469604e-01 2.302589565515518188e-01 -4.843832924962043762e-02 1.973650045692920685e-02 1.775092445313930511e-02 -2.345408871769905090e-02 -4.494443908333778381e-02 -1.438293755054473877e-01 -2.383048832416534424e-01 -1.225938051939010620e-01 -4.966757073998451233e-02 -4.920328035950660706e-02 -5.626313760876655579e-02 -2.619195170700550079e-02 -1.279824823141098022e-01 -2.520223557949066162e-01 -2.445837557315826416e-01 -2.476302683353424072e-01 -2.467352449893951416e-01 -2.578332424163818359e-01 -2.567193806171417236e-01 -2.546309828758239746e-01 -2.525812983512878418e-01 -2.438793033361434937e-01 -2.468060851097106934e-01 -2.401329129934310913e-01 -2.671532332897186279e-01 -2.523907721042633057e-01 -2.639403939247131348e-01 -2.670174837112426758e-01 -2.597316801548004150e-01 -2.763831019401550293e-01 -2.877600789070129395e-01 -1.075462922453880310e-01 -9.266693890094757080e-02 -1.088846698403358459e-01 -1.247426643967628479e-01 -1.174024417996406555e-01 -1.235745549201965332e-01 -9.689027816057205200e-02
1.672428101301193237e-01 1.874707490205764771e-01 1.789110600948333740e-01 1.784155815839767456e-01 1.832356303930282593e-01 1.801733374595642090e-01 1.845407485961914062e-01 1.778084486722946167e-01 1.804971694946289062e-01 1.881124824285507202e-01 1.789662092924118042e-01 1.846223324537277222e-01 1.982930451631546021e-01 1.120648026466369629e+00 1.840138286352157593e-01 2.034452855587005615e-01 1.869794726371765137e-01 1.849793493747711182e-01 1.979914158582687378e-01 1.987480074167251587e-01 2.044587135314941406e-01 2.071481198072433472e-01 1.903191804885864258e-01 2.023349702358245850e-01 2.044882476329803467e-01 1.957444697618484497e-01 2.041383981704711914e-01 1.966227591037750244e-01 -3.587140142917633057e-02 2.873702347278594971e-02 2.233585715293884277e-02 -2.217239700257778168e-02 -3.127808496356010437e-02 -1.186523288488388062e-01 -2.206078767776489258e-01 -1.055516600608825684e-01 -5.072801187634468079e-02 -5.439241603016853333e-02 -5.056365579366683960e-02 -2.455184981226921082e-02 -1.191355362534523010e-01 -2.275584936141967773e-01 -2.211435288190841675e-01 -2.201289832592010498e-01 -2.211035639047622681e-01 -2.282186448574066162e-01 -2.283687591552734375e-01 -2.320562154054641724e-01 -2.286509573459625244e-01 -2.212034463882446289e-01 -2.208670973777770996e-01 -2.162338048219680786e-01 -2.414906322956085205e-01 -2.255853116512298584e-01 -2.429852187633514404e-01 -2.410763651132583618e-01 -2.349983751773834229e-01 -2.480741739273071289e-01 -2.624002695083618164e-01 -8.873328566551208496e-02 -7.397541403770446777e-02 -8.970163762569427490e-02 -1.119073256850242615e-01 -9.555710852146148682e-02 -1.074934527277946472e-01 -8.772304654121398926e-02
1.685964465141296387e-01 1.808580756187438965e-01 1.775082796812057495e-01 1.772196590900421143e-01 1.867981851100921631e-01 1.830585449934005737e-01 1.833410412073135376e-01 1.788961291313171387e-01 1.778697222471237183e-01 1.822280585765838623e-01 1.678505688905715942e-01 1.842609196901321411e-01 1.936395615339279175e-01 1.840138286352157593e-01 1.088283896446228027e+00 2.078964561223983765e-01 1.814007461071014404e-01 1.832764446735382080e-01 1.951638758182525635e-01 2.088978439569473267e-01 2.125009596347808838e-01 2.064653038978576660e-01 1.917173117399215698e-01 1.942394375801086426e-01 2.129736244678497314e-01 1.951816678047180176e-01 2.060904353857040405e-01 2.081062048673629761e-01 -3.870474547147750854e-02 3.335231915116310120e-02 2.503090351819992065e-02 -2.156310342252254486e-02 -3.571483865380287170e-02 -1.212247833609580994e-01 -2.255846261978149414e-01 -1.064594909548759460e-01 -5.226162075996398926e-02 -5.136196315288543701e-02 -4.836356267333030701e-02 -2.494203858077526093e-02 -1.200067251920700073e-01 -2.290610522031784058e-01 -2.205440402030944824e-01 -2.214863598346710205e-01 -2.218192815780639648e-01 -2.338854223489761353e-01 -2.281870096921920776e-01 -2.290132492780685425e-01 -2.287220805883407593e-01 -2.243554294109344482e-01 -2.233830392360687256e-01 -2.147575914859771729e-01 -2.420076280832290649e-01 -2.321939468383789062e-01 -2.436010837554931641e-01 -2.424607276916503906e-01 -2.362112253904342651e-01 -2.489181160926818848e-01 -2.655309140682220459e-01 -9.509208053350448608e-02 -7.984514534473419189e-02 -9.499014914035797119e-02 -1.168838366866111755e-01 -9.468345344066619873e-02 -1.051762625575065613e-01 -8.750364184379577637e-02
1.963049769401550293e-01 2.112802416086196899e-01 1.981957852840423584e-01 2.118030637502670288e-01 2.157214879989624023e-01 2.039136141538619995e-01 2.018655836582183838e-01 2.009736597537994385e-01 2.138328254222869873e-01 2.146386504173278809e-01 1.907108128070831299e-01 2.089565843343734741e-01 2.241937071084976196e-01 2.034452855587005615e-01 2.078964561223983765e-01 1.118048787117004395e+00 2.241544276475906372e-01 2.102215588092803955e-01 2.520332038402557373e-01 2.431003451347351074e-01 2.455303817987442017e-01 2.390792220830917358e-01 2.246541231870651245e-01 2.496842443943023682e-01 2.707554697990417480e-01 2.317940741777420044e-01 2.355737388134002686e-01 2.370434254407882690e-01 -4.559514299035072327e-02 2.820594049990177155e-02 1.091787684708833694e-02 -3.880376741290092468e-02 -4.795714095234870911e-02 -1.542056798934936523e-01 -2.485061287879943848e-01 -1.349577009677886963e-01 -5.467751994729042053e-02 -5.740138888359069824e-02 -5.007287859916687012e-02 -2.046190202236175537e-02 -1.316084861755371094e-01 -2.656458616256713867e-01 -2.658755183219909668e-01 -2.597358226776123047e-01 -2.611561417579650879e-01 -2.700032293796539307e-01 -2.720527052879333496e-01 -2.749056220054626465e-01 -2.717736661434173584e-01 -2.635580301284790039e-01 -2.633368968963623047e-01 -2.583499252796173096e-01 -2.805179357528686523e-01 -2.696732282638549805e-01 -2.831858098506927490e-01 -2.822352647781372070e-01 -2.744856774806976318e-01 -2.891555130481719971e-01 -3.081773519515991211e-01 -1.172236055135726929e-01 -1.009042337536811829e-01 -1.183434799313545227e-01 -1.373127847909927368e-01 -1.259405612945556641e-01 -1.322844773530960083e-01 -1.126690134406089783e-01
1.807312518358230591e-01 1.770156174898147583e-01 1.810307949781417847e-01 1.667549461126327515e-01 1.803710609674453735e-01 1.833008676767349243e-01 1.686460971832275391e-01 1.800076663494110107e-01 1.896025389432907104e-01 1.828852146863937378e-01 1.710820496082305908e-01 1.666745245456695557e-01 2.091096639633178711e-01 1.869794726371765137e-01 1.814007461071014404e-01 2.241544276475906372e-01 1.068109512329101562e+00 1.973442584276199341e-01 2.449058145284652710e-01 2.464522421360015869e-01 2.363761216402053833e-01 2.241186946630477905e-01 1.776147186756134033e-01 2.295761704444885254e-01 2.539598643779754639e-01 2.211934030055999756e-01 2.357352226972579956e-01 1.984728574752807617e-01 -6.264958530664443970e-02 1.469864509999752045e-02 -4.679599311202764511e-03 -2.818035520613193512e-02 -7.451500743627548218e-02 -1.245624423027038574e-01 -2.337268590927124023e-01 -1.120861917734146118e-01 -2.337215468287467957e-02 -6.219338625669479370e-02 -5.032742023468017578e-02 -1.605958119034767151e-02 -1.349271535873413086e-01 -2.606506049633026123e-01 -2.463137656450271606e-01 -2.525596916675567627e-01 -2.477244138717651367e-01 -2.593867480754852295e-01 -2.571791410446166992e-01 -2.591109573841094971e-01 -2.539593577384948730e-01 -2.497242093086242676e-01 -2.491968274116516113e-01 -2.438040673732757568e-01 -2.669924199581146240e-01 -2.519022822380065918e-01 -2.605949938297271729e-01 -2.606133818626403809e-01 -2.576564252376556396e-01 -2.804573178291320801e-01 -2.905112206935882568e-01 -1.058104187250137329e-01 -9.889249503612518311e-02 -1.007027849555015564e-01 -1.227854788303375244e-01 -1.077027171850204468e-01 -1.129762977361679077e-01 -8.934412896633148193e-02
1.836089938879013062e-01 1.936821788549423218e-01 1.974758803844451904e-01 1.993718892335891724e-01 1.866120547056198120e-01 1.855142265558242798e-01 1.871627271175384521e-01 1.858106106519699097e-01 1.891731023788452148e-01 2.009010314941406250e-01 1.902380436658859253e-01 1.996527314186096191e-01 2.141756862401962280e-01 1.849793493747711182e-01 1.832764446735382080e-01 2.102215588092803955e-01 1.973442584276199341e-01 1.095105409622192383e+00 2.268032878637313843e-01 2.369397431612014771e-01 2.365188151597976685e-01 2.243225425481796265e-01 2.011272013187408447e-01 2.141775190830230713e-01 2.256855517625808716e-01 2.130833268165588379e-01 2.461967319250106812e-01 2.310144603252410889e-01 -5.092584341764450073e-02 2.075872756540775299e-02 1.477719563990831375e-02 -3.519941121339797974e-02 -4.522157832980155945e-02 -1.421975791454315186e-01 -2.345912754535675049e-01 -1.198623701930046082e-01 -4.356607794761657715e-02 -5.626665428280830383e-02 -6.083273515105247498e-02 -3.989157453179359436e-02 -1.271883845329284668e-01 -2.498953789472579956e-01 -2.418957352638244629e-01 -2.427526265382766724e-01 -2.412738204002380371e-01 -2.512261569499969482e-01 -2.479865252971649170e-01 -2.546990215778350830e-01 -2.459661662578582764e-01 -2.462283372879028320e-01 -2.489248961210250854e-01 -2.354045957326889038e-01 -2.694253325462341309e-01 -2.504016458988189697e-01 -2.621499001979827881e-01 -2.611856758594512939e-01 -2.603423297405242920e-01 -2.666069567203521729e-01 -2.841389775276184082e-01 -1.049621030688285828e-01 -9.295601397752761841e-02 -1.018016934394836426e-01 -1.344512253999710083e-01 -1.119859144091606140e-01 -1.262537240982055664e-01 -9.505723416805267334e-02
2.056254148483276367e-01 2.044353187084197998e-01 1.969519406557083130e-01 2.008072435855865479e-01 2.110158503055572510e-01 2.050608694553375244e-01 2.097228318452835083e-01 1.943163722753524780e-01 1.946265399456024170e-01 2.070048600435256958e-01 2.016993016004562378e-01 2.070726007223129272e-01 2.322914153337478638e-01 1.979914158582687378e-01 1.951638758182525635e-01 2.520332038402557373e-01 2.449058145284652710e-01 2.268032878637313843e-01 1.124119758605957031e+00 2.623928189277648926e-01 2.796999514102935791e-01 2.431216835975646973e-01 2.182766944169998169e-01 2.513776123523712158e-01 2.503132820129394531e-01 2.368801534175872803e-01 2.828304767608642578e-01 2.504316866397857666e-01 -5.528445914387702942e-02 2.258202247321605682e-02 9.339840151369571686e-03 -3.343488648533821106e-02 -6.263144314289093018e-02 -1.528282016515731812e-01 -2.497625201940536499e-01 -1.360028535127639771e-01 -5.444935336709022522e-02 -5.643514543771743774e-02 -4.991278052330017090e-02 -1.997639052569866180e-02 -1.291220337152481079e-01 -2.714403271675109863e-01 -2.646504044532775879e-01 -2.670711576938629150e-01 -2.671052217483520508e-01 -2.738313078880310059e-01 -2.717195153236389160e-01 -2.725349962711334229e-01 -2.706327438354492188e-01 -2.642052769660949707e-01 -2.673768103122711182e-01 -2.595399618148803711e-01 -2.815842330455780029e-01 -2.696121633052825928e-01 -2.802173197269439697e-01 -2.815517783164978027e-01 -2.741414606571197510e-01 -2.883255779743194580e-01 -3.104729652404785156e-01 -1.188298165798187256e-01 -1.120807379484176636e-01 -1.187619268894195557e-01 -1.469659805297851562e-01 -1.336339563131332397e-01 -1.409772336483001709e-01 -1.065396443009376526e-01
2.073162198066711426e-01 2.229840755462646484e-01 2.137391716241836548e-01 2.082545906305313110e-01 2.212736755609512329e-01 2.104217112064361572e-01 2.061403244733810425e-01 2.098924219608306885e-01 2.049009799957275391e-01 2.164410650730133057e-01 1.990702748298645020e-01 2.081245332956314087e-01 2.371004372835159302e-01 1.987480074167251587e-01 2.088978439569473267e-01 2.431003451347351074e-01 2.464522421360015869e-01 2.369397431612014771e-01 2.623928189277648926e-01 1.136802434921264648e+00 2.888862788677215576e-01 2.638787031173706055e-01 2.152581065893173218e-01 2.626738548278808594e-01 2.610337138175964355e-01 2.453102767467498779e-01 2.827818393707275391e-01 2.431213855743408203e-01 -5.524029955267906189e-02 1.557964552193880081e-02 8.883867412805557251e-03 -3.957935795187950134e-02 -5.503715947270393372e-02 -1.609947532415390015e-01 -2.616643607616424561e-01 -1.425873935222625732e-01 -4.932443425059318542e-02 -4.835151880979537964e-02 -5.673525854945182800e-02 -1.367365010082721710e-02 -1.461082100868225098e-01 -2.855549454689025879e-01 -2.746539413928985596e-01 -2.733170688152313232e-01 -2.753810882568359375e-01 -2.861705720424652100e-01 -2.843459248542785645e-01 -2.833929359912872314e-01 -2.836444377899169922e-01 -2.775703966617584229e-01 -2.795315682888031006e-01 -2.713503837585449219e-01 -2.935350239276885986e-01 -2.778374552726745605e-01 -2.917191088199615479e-01 -2.927998304367065430e-01 -2.869535982608795166e-01 -2.996124327182769775e-01 -3.104182481765747070e-01 -1.193304657936096191e-01 -1.038630455732345581e-01 -1.231580153107643127e-01 -1.523754894733428955e-01 -1.292501688003540039e-01 -1.476884633302688599e-01 -1.137539818882942200e-01
2.046989649534225464e-01 2.124794721603393555e-01 2.143791615962982178e-01 2.151768803596496582e-01 2.192003726959228516e-01 2.105268836021423340e-01 1.996783614158630371e-01 2.012120932340621948e-01 2.116286903619766235e-01 2.151282876729965210e-01 1.976712346076965332e-01 2.115319073200225830e-01 2.376904189586639404e-01 2.044587135314941406e-01 2.125009596347808838e-01 2.455303817987442017e-01 2.363761216402053833e-01 2.365188151597976685e-01 2.796999514102935791e-01 2.888862788677215576e-01 1.096046924591064453e+00 2.693508863449096680e-01 2.365921288728713989e-01 2.498314231634140015e-01 2.762690782546997070e-01 2.412183731794357300e-01 2.832252681255340576e-01 2.590256035327911377e-01 -5.615620315074920654e-02 2.541994117200374603e-02 1.662109419703483582e-02 -4.577911645174026489e-02 -5.388563498854637146e-02 -1.645945012569427490e-01 -2.665401399135589600e-01 -1.415522992610931396e-01 -5.141920968890190125e-02 -4.714741930365562439e-02 -4.707496240735054016e-02 -1.840088516473770142e-02 -1.426803767681121826e-01 -2.843369543552398682e-01 -2.742009460926055908e-01 -2.788916230201721191e-01 -2.767316401004791260e-01 -2.845019698143005371e-01 -2.828706800937652588e-01 -2.939383685588836670e-01 -2.842622995376586914e-01 -2.743061482906341553e-01 -2.745878100395202637e-01 -2.707375288009643555e-01 -3.003548979759216309e-01 -2.837507724761962891e-01 -2.952658236026763916e-01 -2.940984666347503662e-01 -2.869783937931060791e-01 -3.013656139373779297e-01 -3.137370049953460693e-01 -1.300602704286575317e-01 -1.157819777727127075e-01 -1.182456389069557190e-01 -1.524803340435028076e-01 -1.380018293857574463e-01 -1.525748372077941895e-01 -1.136703491210937500e-01
1.956872344017028809e-01 1.954585760831832886e-01 2.037484794855117798e-01 2.021757960319519043e-01 2.036698609590530396e-01 1.993469446897506714e-01 1.964545398950576782e-01 1.997496336698532104e-01 1.944213211536407471e-01 2.034222781658172607e-01 1.845449954271316528e-01 1.997779458761215210e-01 2.249654382467269897e-01 2.071481198072433472e-01 2.064653038978576660e-01 2.390792220830917358e-01 2.241186946630477905e-01 2.243225425481796265e-01 2.431216835975646973e-01 2.638787031173706055e-01 2.693508863449096680e-01 1.068798422813415527e+00 2.060229927301406860e-01 2.495066225528717041e-01 2.544421851634979248e-01 2.360881119966506958e-01 2.465604394674301147e-01 2.188439369201660156e-01 -5.793444439768791199e-02 2.655676193535327911e-02 1.436477806419134140e-02 -3.791747987270355225e-02 -4.419425502419471741e-02 -1.557726413011550903e-01 -2.624956667423248291e-01 -1.358222365379333496e-01 -3.616897016763687134e-02 -3.560595959424972534e-02 -4.235429316759109497e-02 -1.104560028761625290e-02 -1.295169442892074585e-01 -2.742825746536254883e-01 -2.689512073993682861e-01 -2.657563686370849609e-01 -2.665928602218627930e-01 -2.780336141586303711e-01 -2.781064808368682861e-01 -2.822647392749786377e-01 -2.734284698963165283e-01 -2.685721814632415771e-01 -2.686167061328887939e-01 -2.626342177391052246e-01 -2.853743433952331543e-01 -2.714436650276184082e-01 -2.829504311084747314e-01 -2.829364240169525146e-01 -2.784028351306915283e-01 -2.927596867084503174e-01 -3.043920397758483887e-01 -1.224721372127532959e-01 -9.696772694587707520e-02 -1.127744540572166443e-01 -1.441530287265777588e-01 -1.255615800619125366e-01 -1.377068907022476196e-01 -1.065349653363227844e-01
1.907625943422317505e-01 2.366120815277099609e-01 2.151026427745819092e-01 2.427516281604766846e-01 2.248541861772537231e-01 2.202917039394378662e-01 2.277489751577377319e-01 2.136058658361434937e-01 1.893952637910842896e-01 2.063538283109664917e-01 1.821553409099578857e-01 1.908142864704132080e-01 1.979795396327972412e-01 1.903191804885864258e-01 1.917173117399215698e-01 2.246541231870651245e-01 1.776147186756134033e-01 2.011272013187408447e-01 2.182766944169998169e-01 2.152581065893173218e-01 2.365921288728713989e-01 2.060229927301406860e-01 1.080444455146789551e+00 2.216247767210006714e-01 2.241252958774566650e-01 2.067364603281021118e-01 2.298369556665420532e-01 2.155311852693557739e-01 -3.092906624078750610e-02 2.552806772291660309e-02 8.308855816721916199e-03 -3.637547045946121216e-02 -5.061212927103042603e-02 -1.389425694942474365e-01 -2.376162707805633545e-01 -1.223890334367752075e-01 -5.036457255482673645e-02 -5.556454136967658997e-02 -5.062853172421455383e-02 -2.930568158626556396e-02 -1.413187086582183838e-01 -2.614949345588684082e-01 -2.518150508403778076e-01 -2.553827762603759766e-01 -2.540476024150848389e-01 -2.594539523124694824e-01 -2.600490152835845947e-01 -2.653333544731140137e-01 -2.575552463531494141e-01 -2.524350881576538086e-01 -2.530994713306427002e-01 -2.480683028697967529e-01 -2.698023915290832520e-01 -2.574067413806915283e-01 -2.714800238609313965e-01 -2.763491570949554443e-01 -2.628202438354492188e-01 -2.767260968685150146e-01 -2.966532409191131592e-01 -1.150406226515769958e-01 -9.841500967741012573e-02 -1.179830506443977356e-01 -1.377573311328887939e-01 -1.210427358746528625e-01 -1.324329376220703125e-01 -9.657447785139083862e-02
