1.128203392028808594e+00 2.719239294528961182e-01 2.755240797996520996e-01 2.789888978004455566e-01 2.827822268009185791e-01 2.617745399475097656e-01 2.558813691139221191e-01 2.572149038314819336e-01 2.383360266685485840e-01 2.465714514255523682e-01 5.509088560938835144e-02 2.474095225334167480e-01 2.819193899631500244e-01 2.682087123394012451e-01 2.681915163993835449e-01 2.836054265499114990e-01 2.790489196777343750e-01 2.623104453086853027e-01 3.061531782150268555e-01 2.698662579059600830e-01 2.791964411735534668e-01 2.781745791435241699e-01 2.657195031642913818e-01 -2.475729770958423615e-02 4.760582745075225830e-02 4.465110599994659424e-02 -2.087678946554660797e-02 -3.662206605076789856e-02 -1.341455578804016113e-01 -2.423932850360870361e-01 -1.164031401276588440e-01 -3.584349527955055237e-02 -3.896364197134971619e-02 -4.593624547123908997e-02 -1.070514135062694550e-02 -1.290129572153091431e-01 -2.753244340419769287e-01 -2.608785927295684814e-01 -2.582265436649322510e-01 -2.603370249271392822e-01 -2.669713497161865234e-01 -2.675169110298156738e-01 -2.696473002433776855e-01 -2.662814557552337646e-01 -2.580264806747436523e-01 -2.643688619136810303e-01 -2.616960704326629639e-01 -2.865200936794281006e-01 -2.660465538501739502e-01 -2.834721207618713379e-01 -2.809816896915435791e-01 -2.768482863903045654e-01 -2.978036105632781982e-01 -3.046833574771881104e-01 -1.008491441607475281e-01 -8.415861427783966064e-02 -1.015348806977272034e-01 -1.187479421496391296e-01 -1.001556441187858582e-01 -1.259286552667617798e-01 -9.116532653570175171e-02
2.719239294528961182e-01 1.148548603057861328e+00 2.798627018928527832e-01 2.768470346927642822e-01 2.731324732303619385e-01 2.615328133106231689e-01 2.491264343261718750e-01 2.641527056694030762e-01 2.361476868391036987e-01 2.581012547016143799e-01 5.528764054179191589e-02 2.475579231977462769e-01 2.732133865356445312e-01 2.730636000633239746e-01 2.657635509967803955e-01 2.870626747608184814e-01 2.875615060329437256e-01 2.742106616497039795e-01 2.968515455722808838e-01 2.800356149673461914e-01 2.792070508003234863e-01 2.726702988147735596e-01 2.765943706035614014e-01 -2.301264367997646332e-02 5.619634315371513367e-02 4.922958090901374817e-02 -2.361878752708435059e-02 -3.030316904187202454e-02 -1.271982938051223755e-01 -2.512227892875671387e-01 -1.220443323254585266e-01 -4.469723999500274658e-02 -4.032379761338233948e-02 -4.539476707577705383e-02 -4.543796181678771973e-03 -1.274270713329315186e-01 -2.734856307506561279e-01 -2.575924098491668701e-01 -2.530079483985900879e-01 -2.587048709392547607e-01 -2.686731815338134766e-01 -2.662751376628875732e-01 -2.641409933567047119e-01 -2.626279890537261963e-01 -2.539805769920349121e-01 -2.584777772426605225e-01 -2.585367262363433838e-01 -2.886323332786560059e-01 -2.670285403728485107e-01 -2.790659666061401367e-01 -2.824938893318176270e-01 -2.743330001831054688e-01 -2.884608209133148193e-01 -3.057485520839691162e-01 -1.030011400580406189e-01 -7.786539942026138306e-02 -9.382109344005584717e-02 -1.211110204458236694e-01 -9.657296538352966309e-02 -1.182668879628181458e-01 -8.983577042818069458e-02
2.755240797996520996e-01 2.798627018928527832e-01 1.204892992973327637e+00 2.780408263206481934e-01 2.849052250385284424e-01 2.603371739387512207e-01 2.717592120170593262e-01 2.814846932888031006e-01 2.518374919891357422e-01 2.649279534816741943e-01 5.686284601688385010e-02 2.504532635211944580e-01 2.972325980663299561e-01 2.676998078823089600e-01 2.885973751544952393e-01 3.027982711791992188e-01 2.972215116024017334e-01 2.846870720386505127e-01 3.000151813030242920e-01 2.955506443977355957e-01 2.990814745426177979e-01 2.911486625671386719e-01 2.845165729522705078e-01 -2.442445233464241028e-02 6.123448163270950317e-02 4.708283394575119019e-02 -1.291244570165872574e-02 -3.073303215205669403e-02 -1.308495700359344482e-01 -2.591024637222290039e-01 -1.228145360946655273e-01 -3.523914143443107605e-02 -3.970241174101829529e-02 -4.344667866826057434e-02 -1.081914082169532776e-02 -1.342417895793914795e-01 -2.805596888065338135e-01 -2.657344043254852295e-01 -2.633711099624633789e-01 -2.636121511459350586e-01 -2.758702933788299561e-01 -2.757733464241027832e-01 -2.754039168357849121e-01 -2.711431682109832764e-01 -2.610645890235900879e-01 -2.688137590885162354e-01 -2.646156251430511475e-01 -2.913780808448791504e-01 -2.742989659309387207e-01 -2.889504432678222656e-01 -2.871023714542388916e-01 -2.852621078491210938e-01 -3.035414814949035645e-01 -3.144733011722564697e-01 -9.515704214572906494e-02 -8.028937876224517822e-02 -9.948632121086120605e-02 -1.206568479537963867e-01 -1.013803482055664062e-01 -1.185534000396728516e-01 -9.093981236219406128e-02
2.789888978004455566e-01 2.768470346927642822e-01 2.780408263206481934e-01 1.152752995491027832e+00 2.794890403747558594e-01 2.591325938701629639e-01 2.529358267784118652e-01 2.619372606277465820e-01 2.434374392032623291e-01 2.634609341621398926e-01 5.515377968549728394e-02 2.419404685497283936e-01 2.792209684848785400e-01 2.647006213665008545e-01 2.738088965415954590e-01 2.822292149066925049e-01 2.761107683181762695e-01 2.675572037696838379e-01 2.894973158836364746e-01 2.798566520214080811e-01 2.824926972389221191e-01 2.795646488666534424e-01 2.811837792396545410e-01 -2.593594230711460114e-02 5.750293284654617310e-02 5.097417905926704407e-02 -2.070604637265205383e-02 -2.545424550771713257e-02 -1.285989135503768921e-01 -2.446097582578659058e-01 -1.132911741733551025e-01 -3.710445761680603027e-02 -3.593611717224121094e-02 -4.875811934471130371e-02 -5.450367927551269531e-03 -1.338795572519302368e-01 -2.711188197135925293e-01 -2.592339813709259033e-01 -2.585863769054412842e-01 -2.616107463836669922e-01 -2.708941102027893066e-01 -2.710220515727996826e-01 -2.673109769821166992e-01 -2.628217637538909912e-01 -2.574487328529357910e-01 -2.617405056953430176e-01 -2.571189701557159424e-01 -2.875377535820007324e-01 -2.668816745281219482e-01 -2.803517878055572510e-01 -2.827716469764709473e-01 -2.743644118309020996e-01 -2.938398122787475586e-01 -3.064327538013458252e-01 -9.139962494373321533e-02 -8.022436499595642090e-02 -1.016993522644042969e-01 -1.150695011019706726e-01 -9.681126475334167480e-02 -1.140143722295761108e-01 -9.116284549236297607e-02
2.827822268009185791e-01 2.731324732303619385e-01 2.849052250385284424e-01 2.794890403747558594e-01 1.145540714263916016e+00 2.604667842388153076e-01 2.620251476764678955e-01 2.559487521648406982e-01 2.461286187171936035e-01 2.608102858066558838e-01 5.493192374706268311e-02 2.523220181465148926e-01 2.830969691276550293e-01 2.656561136245727539e-01 2.757449448108673096e-01 2.808204591274261475e-01 2.777759730815887451e-01 2.652520239353179932e-01 3.028466105461120605e-01 2.718278467655181885e-01 2.864411473274230957e-01 2.757367491722106934e-01 2.691502571105957031e-01 -2.843460440635681152e-02 5.249900743365287781e-02 3.769300505518913269e-02 -1.678529754281044006e-02 -2.709914930164813995e-02 -1.302916556596755981e-01 -2.533562779426574707e-01 -1.220172718167304993e-01 -3.157642111182212830e-02 -4.066343232989311218e-02 -4.297764226794242859e-02 -5.646391306072473526e-03 -1.231145337224006653e-01 -2.726575732231140137e-01 -2.636801600456237793e-01 -2.581394612789154053e-01 -2.588754892349243164e-01 -2.719519734382629395e-01 -2.694640159606933594e-01 -2.702991664409637451e-01 -2.666037976741790771e-01 -2.580605447292327881e-01 -2.623546421527862549e-01 -2.575142681598663330e-01 -2.890521883964538574e-01 -2.669707238674163818e-01 -2.850916385650634766e-01 -2.899863421916961670e-01 -2.819657623767852783e-01 -2.999937534332275391e-01 -3.112853765487670898e-01 -1.024223342537879944e-01 -7.540557533502578735e-02 -1.055741757154464722e-01 -1.153592541813850403e-01 -9.987984597682952881e-02 -1.232071295380592346e-01 -9.031010419130325317e-02
2.617745399475097656e-01 2.615328133106231689e-01 2.603371739387512207e-01 2.591325938701629639e-01 2.604667842388153076e-01 1.196197271347045898e+00 2.462312430143356323e-01 2.585359811782836914e-01 2.345613390207290649e-01 2.529781162738800049e-01 5.328200012445449829e-02 2.442879825830459595e-01 2.754091620445251465e-01 2.598620653152465820e-01 2.661197185516357422e-01 2.841559648513793945e-01 2.802132070064544678e-01 2.735452353954315186e-01 2.870840430259704590e-01 2.785545885562896729e-01 2.808013558387756348e-01 2.758944630622863770e-01 2.708408534526824951e-01 -1.743163168430328369e-02 6.540966778993606567e-02 4.645526409149169922e-02 -1.644044928252696991e-02 -2.234376780688762665e-02 -1.159931719303131104e-01 -2.428085505962371826e-01 -1.145882233977317810e-01 -4.035161063075065613e-02 -3.001770377159118652e-02 -3.890224173665046692e-02 -2.851445926353335381e-03 -1.188535764813423157e-01 -2.634516656398773193e-01 -2.523318231105804443e-01 -2.513413131237030029e-01 -2.544127106666564941e-01 -2.620534598827362061e-01 -2.626088559627532959e-01 -2.600457966327667236e-01 -2.547516524791717529e-01 -2.479316890239715576e-01 -2.552706301212310791e-01 -2.496542483568191528e-01 -2.806927859783172607e-01 -2.596698999404907227e-01 -2.720750868320465088e-01 -2.733288705348968506e-01 -2.704087793827056885e-01 -2.862601578235626221e-01 -2.964815199375152588e-01 -9.580883383750915527e-02 -7.441913336515426636e-02 -9.434591978788375854e-02 -1.102980002760887146e-01 -1.003068387508392334e-01 -1.162941828370094299e-01 -7.844860106706619263e-02
2.558813691139221191e-01 2.491264343261718750e-01 2.717592120170593262e-01 2.529358267784118652e-01 2.620251476764678955e-01 2.462312430143356323e-01 1.164416313171386719e+00 2.630614340305328369e-01 2.400027364492416382e-01 2.521749138832092285e-01 5.389302596449851990e-02 2.449375987052917480e-01 2.827880978584289551e-01 2.688009142875671387e-01 2.597604393959045410e-01 2.826479375362396240e-01 2.834718525409698486e-01 2.679326832294464111e-01 2.694395780563354492e-01 2.803627252578735352e-01 2.787486016750335693e-01 2.883152663707733154e-01 2.712794542312622070e-01 -2.480666153132915497e-02 5.035719648003578186e-02 4.072805121541023254e-02 -1.640197075903415680e-02 -1.712526381015777588e-02 -1.236416250467300415e-01 -2.564111053943634033e-01 -1.168758496642112732e-01 -4.284701868891716003e-02 -3.844174370169639587e-02 -5.300747603178024292e-02 -6.745669525116682053e-03 -1.310846209526062012e-01 -2.639561593532562256e-01 -2.549669742584228516e-01 -2.495098412036895752e-01 -2.511079907417297363e-01 -2.639765143394470215e-01 -2.628966867923736572e-01 -2.624195218086242676e-01 -2.605426311492919922e-01 -2.485423833131790161e-01 -2.530833482742309570e-01 -2.448784261941909790e-01 -2.797833979129791260e-01 -2.609771490097045898e-01 -2.756178975105285645e-01 -2.791404426097869873e-01 -2.700525522232055664e-01 -2.832852602005004883e-01 -2.989340722560882568e-01 -8.625728636980056763e-02 -7.712212204933166504e-02 -9.654196351766586304e-02 -1.131693348288536072e-01 -1.052882671356201172e-01 -1.180807650089263916e-01 -7.935985922813415527e-02
2.572149038314819336e-01 2.641527056694030762e-01 2.814846932888031006e-01 2.619372606277465820e-01 2.559487521648406982e-01 2.585359811782836914e-01 2.630614340305328369e-01 1.143486261367797852e+00 2.519842684268951416e-01 2.642908990383148193e-01 5.748145654797554016e-02 2.523248791694641113e-01 2.815468609333038330e-01 2.755197286605834961e-01 2.775007784366607666e-01 2.920324206352233887e-01 2.944511175155639648e-01 2.699097394943237305e-01 2.793709039688110352e-01 2.852128744125366211e-01 2.853718101978302002e-01 2.925702035427093506e-01 2.952623665332794189e-01 -2.566006779670715332e-02 4.719178751111030579e-02 4.269370436668395996e-02 -1.850966364145278931e-02 -2.974176965653896332e-02 -1.325320452451705933e-01 -2.486116141080856323e-01 -1.225266009569168091e-01 -3.105927258729934692e-02 -4.659349471330642700e-02 -4.121875017881393433e-02 -7.975781336426734924e-03 -1.290533542633056641e-01 -2.733184993267059326e-01 -2.621507942676544189e-01 -2.609329521656036377e-01 -2.636596560478210449e-01 -2.690022289752960205e-01 -2.691980600357055664e-01 -2.688005566596984863e-01 -2.677274644374847412e-01 -2.598837316036224365e-01 -2.672041654586791992e-01 -2.591974139213562012e-01 -2.902106940746307373e-01 -2.682834863662719727e-01 -2.784557044506072998e-01 -2.832755744457244873e-01 -2.814242839813232422e-01 -2.950347661972045898e-01 -3.096699118614196777e-01 -9.558010101318359375e-02 -8.226953446865081787e-02 -1.037060022354125977e-01 -1.210548281669616699e-01 -1.070891618728637695e-01 -1.235735788941383362e-01 -9.512763470411300659e-02
2.383360266685485840e-01 2.361476868391036987e-01 2.518374919891357422e-01 2.434374392032623291e-01 2.461286187171936035e-01 2.345613390207290649e-01 2.400027364492416382e-01 2.519842684268951416e-01 1.095540165901184082e+00 2.327883243560791016e-01 5.126109719276428223e-02 2.291225939989089966e-01 2.532981634140014648e-01 2.623035609722137451e-01 2.603355348110198975e-01 2.657308280467987061e-01 2.644374668598175049e-01 2.546496391296386719e-01 2.485546171665191650e-01 2.533040940761566162e-01 2.660656869411468506e-01 2.532003223896026611e-01 2.844211459159851074e-01 -2.570288442075252533e-02 4.966771230101585388e-02 3.717162832617759705e-02 -1.433210633695125580e-02 -2.759716473519802094e-02 -1.156209781765937805e-01 -2.410558462142944336e-01 -1.050985977053642273e-01 -3.198741748929023743e-02 -4.795797169208526611e-02 -4.592756554484367371e-02 -1.541556511074304581e-02 -1.184181943535804749e-01 -2.489487230777740479e-01 -2.397743463516235352e-01 -2.386093437671661377e-01 -2.382153719663619995e-01 -2.492121011018753052e-01 -2.529234886169433594e-01 -2.468364089727401733e-01 -2.443360686302185059e-01 -2.352093905210494995e-01 -2.422218620777130127e-01 -2.346171140670776367e-01 -2.666317820549011230e-01 -2.454330325126647949e-01 -2.647114694118499756e-01 -2.624883651733398438e-01 -2.533852159976959229e-01 -2.765919268131256104e-01 -2.848865985870361328e-01 -8.681246638298034668e-02 -6.771378964185714722e-02 -8.856631070375442505e-02 -1.123683452606201172e-01 -8.828447759151458740e-02 -1.076312512159347534e-01 -7.350195199251174927e-02
2.465714514255523682e-01 2.581012547016143799e-01 2.649279534816741943e-01 2.634609341621398926e-01 2.608102858066558838e-01 2.529781162738800049e-01 2.521749138832092285e-01 2.642908990383148193e-01 2.327883243560791016e-01 1.133039236068725586e+00 5.539283901453018188e-02 2.537132799625396729e-01 2.875684201717376709e-01 2.794539928436279297e-01 2.950224578380584717e-01 3.077387213706970215e-01 2.979194521903991699e-01 2.918712198734283447e-01 2.649939060211181641e-01 2.764562070369720459e-01 2.823980748653411865e-01 2.906736135482788086e-01 2.913223803043365479e-01 -3.306429833173751831e-02 5.260566622018814087e-02 4.596127197146415710e-02 -1.638523302972316742e-02 -2.906857244670391083e-02 -1.349074840545654297e-01 -2.526612281799316406e-01 -1.213190928101539612e-01 -3.608869016170501709e-02 -3.837779909372329712e-02 -4.158284887671470642e-02 -7.365913596004247665e-03 -1.216724887490272522e-01 -2.756642997264862061e-01 -2.599202692508697510e-01 -2.613169848918914795e-01 -2.622317969799041748e-01 -2.760126292705535889e-01 -2.747764587402343750e-01 -2.701193094253540039e-01 -2.692875862121582031e-01 -2.590303719043731689e-01 -2.650750279426574707e-01 -2.596681118011474609e-01 -2.867076098918914795e-01 -2.697988748550415039e-01 -2.808809578418731689e-01 -2.887330651283264160e-01 -2.776157259941101074e-01 -2.977979779243469238e-01 -3.025591373443603516e-01 -1.000471934676170349e-01 -7.744717597961425781e-02 -1.022284924983978271e-01 -1.194368600845336914e-01 -1.076330617070198059e-01 -1.229020729660987854e-01 -8.710601180791854858e-02
5.509088560938835144e-02 5.528764054179191589e-02 5.686284601688385010e-02 5.515377968549728394e-02 5.493192374706268311e-02 5.328200012445449829e-02 5.389302596449851990e-02 5.748145654797554016e-02 5.126109719276428223e-02 5.539283901453018188e-02 1.028859496116638184e+00 5.282311141490936279e-02 6.078037247061729431e-02 5.854023247957229614e-02 6.020532175898551941e-02 6.346485018730163574e-02 6.308635324239730835e-02 6.044028326869010925e-02 5.905905738472938538e-02 6.069516763091087341e-02 6.254922598600387573e-02 6.290520727634429932e-02 6.041269376873970032e-02 -4.812845960259437561e-03 1.290175132453441620e-02 9.900596924126148224e-03 -1.676846528425812721e-03 -4.875276237726211548e-03 -2.628471516072750092e-02 -5.257853493094444275e-02 -2.456412091851234436e-02 -5.036999471485614777e-03 -5.372828338295221329e-03 -5.910792388021945953e-03 1.089773257263004780e-03 -2.404570206999778748e-02 -5.603053420782089233e-02 -5.344259366393089294e-02 -5.270413681864738464e-02 -5.333657190203666687e-02 -5.549337714910507202e-02 -5.592524260282516479e-02 -5.573492869734764099e-02 -5.420123040676116943e-02 -5.283622443675994873e-02 -5.417084321379661560e-02 -5.282410979270935059e-02 -5.921197310090065002e-02 -5.493348836898803711e-02 -5.826906114816665649e-02 -5.821154639124870300e-02 -5.690113827586174011e-02 -6.129117682576179504e-02 -6.267102807760238647e-02 -1.862922683358192444e-02 -1.520857959985733032e-02 -1.924137026071548462e-02 -2.392701432108879089e-02 -1.969949901103973389e-02 -2.339356206357479095e-02 -1.760353893041610718e-02
2.474095225334167480e-01 2.475579231977462769e-01 2.504532635211944580e-01 2.419404685497283936e-01 2.523220181465148926e-01 2.442879825830459595e-01 2.449375987052917480e-01 2.523248791694641113e-01 2.291225939989089966e-01 2.537132799625396729e-01 5.282311141490936279e-02 1.170562863349914551e+00 2.665082812309265137e-01 2.599682807922363281e-01 2.574071586132049561e-01 2.707507014274597168e-01 2.703499495983123779e-01 2.751521468162536621e-01 2.553793489933013916e-01 2.725523412227630615e-01 2.715048193931579590e-01 2.733529508113861084e-01 2.661285400390625000e-01 -2.391209080815315247e-02 5.732049793004989624e-02 4.869265481829643250e-02 -9.046763181686401367e-03 -1.897908560931682587e-02 -1.162878349423408508e-01 -2.407969534397125244e-01 -1.102156937122344971e-01 -3.471500799059867859e-02 -3.828925266861915588e-02 -4.146533086895942688e-02 -6.044599227607250214e-03 -1.224253103137016296e-01 -2.514247298240661621e-01 -2.425026595592498779e-01 -2.383988350629806519e-01 -2.425361573696136475e-01 -2.499649524688720703e-01 -2.507859468460083008e-01 -2.512384355068206787e-01 -2.493958920240402222e-01 -2.390488535165786743e-01 -2.460796535015106201e-01 -2.421136945486068726e-01 -2.674984931945800781e-01 -2.486692816019058228e-01 -2.686694562435150146e-01 -2.673299014568328857e-01 -2.591404318809509277e-01 -2.753349244594573975e-01 -2.857063412666320801e-01 -8.679787069559097290e-02 -6.608930230140686035e-02 -8.904236555099487305e-02 -1.089661195874214172e-01 -8.974911272525787354e-02 -1.080836281180381775e-01 -8.228667825460433960e-02
2.819193899631500244e-01 2.732133865356445312e-01 2.972325980663299561e-01 2.792209684848785400e-01 2.830969691276550293e-01 2.754091620445251465e-01 2.827880978584289551e-01 2.815468609333038330e-01 2.532981634140014648e-01 2.875684201717376709e-01 6.078037247061729431e-02 2.665082812309265137e-01 1.176459074020385742e+00 2.875615954399108887e-01 3.218747079372406006e-01 3.150746524333953857e-01 3.190681934356689453e-01 3.079597651958465576e-01 3.049014210700988770e-01 3.266213536262512207e-01 3.369970619678497314e-01 3.063647150993347168e-01 3.104070425033569336e-01 -3.315540030598640442e-02 5.698190629482269287e-02 4.018270596861839294e-02 -1.949366182088851929e-02 -3.417470306158065796e-02 -1.506765931844711304e-01 -2.705874443054199219e-01 -1.336355656385421753e-01 -4.112384840846061707e-02 -3.897961601614952087e-02 -4.533826932311058044e-02 -1.354233478195965290e-03 -1.319047063589096069e-01 -2.950319945812225342e-01 -2.879197597503662109e-01 -2.790969610214233398e-01 -2.817559838294982910e-01 -2.884457707405090332e-01 -2.910768985748291016e-01 -2.944997251033782959e-01 -2.898409366607666016e-01 -2.775258421897888184e-01 -2.845127582550048828e-01 -2.814982235431671143e-01 -3.049706816673278809e-01 -2.910292148590087891e-01 -3.080682158470153809e-01 -3.082564473152160645e-01 -3.042926192283630371e-01 -3.151510059833526611e-01 -3.302069306373596191e-01 -1.132095456123352051e-01 -9.163987636566162109e-02 -1.175391897559165955e-01 -1.309755146503448486e-01 -1.178944632411003113e-01 -1.348926424980163574e-01 -1.036990582942962646e-01
2.682087123394012451e-01 2.730636000633239746e-01 2.676998078823089600e-01 2.647006213665008545e-01 2.656561136245727539e-01 2.598620653152465820e-01 2.688009142875671387e-01 2.755197286605834961e-01 2.623035609722137451e-01 2.794539928436279297e-01 5.854023247957229614e-02 2.599682807922363281e-01 2.875615954399108887e-01 1.169415831565856934e+00 3.042653203010559082e-01 3.250044882297515869e-01 3.054518997669219971e-01 2.986082136631011963e-01 2.813573479652404785e-01 2.856881916522979736e-01 3.031488060951232910e-01 3.156495988368988037e-01 3.136420547962188721e-01 -3.887455537915229797e-02 5.013846606016159058e-02 4.728508368134498596e-02 -2.306724712252616882e-02 -3.441787138581275940e-02 -1.398907601833343506e-01 -2.609085142612457275e-01 -1.253045350313186646e-01 -3.051856346428394318e-02 -4.383146762847900391e-02 -5.103372782468795776e-02 -1.768554002046585083e-02 -1.328134834766387939e-01 -2.856972217559814453e-01 -2.717700600624084473e-01 -2.698055803775787354e-01 -2.690097689628601074e-01 -2.799598276615142822e-01 -2.812644839286804199e-01 -2.821978628635406494e-01 -2.782059013843536377e-01 -2.693555355072021484e-01 -2.782977223396301270e-01 -2.677183747291564941e-01 -3.034351170063018799e-01 -2.834981977939605713e-01 -2.959057986736297607e-01 -2.938527464866638184e-01 -2.917016148567199707e-01 -3.038327097892761230e-01 -3.173199295997619629e-01 -1.051671802997589111e-01 -8.692684769630432129e-02 -9.717061370611190796e-02 -1.321010738611221313e-01 -1.079084053635597229e-01 -1.277435868978500366e-01 -9.276912361383438110e-02
2.681915163993835449e-01 2.657635509967803955e-01 2.885973751544952393e-01 2.738088965415954590e-01 2.757449448108673096e-01 2.661197185516357422e-01 2.597604393959045410e-01 2.775007784366607666e-01 2.603355348110198975e-01 2.950224578380584717e-01 6.020532175898551941e-02 2.574071586132049561e-01 3.218747079372406006e-01 3.042653203010559082e-01 1.174554944038391113e+00 3.322067260742187500e-01 3.469993770122528076e-01 3.078899979591369629e-01 2.896198034286499023e-01 3.201653361320495605e-01 3.168830871582031250e-01 3.451751768589019775e-01 3.266887068748474121e-01 -3.851967304944992065e-02 5.419524013996124268e-02 4.165606573224067688e-02 -1.928873360157012939e-02 -4.711638763546943665e-02 -1.450489014387130737e-01 -2.683277428150177002e-01 -1.377953290939331055e-01 -3.768352046608924866e-02 -4.113807901740074158e-02 -3.523622825741767883e-02 2.955844393000006676e-04 -1.280758976936340332e-01 -2.968246042728424072e-01 -2.859171330928802490e-01 -2.818465530872344971e-01 -2.836608886718750000e-01 -2.928149402141571045e-01 -2.932187318801879883e-01 -2.904760241508483887e-01 -2.886070907115936279e-01 -2.779941558837890625e-01 -2.869564592838287354e-01 -2.799215316772460938e-01 -3.040717542171478271e-01 -2.892981767654418945e-01 -3.013275265693664551e-01 -3.031321167945861816e-01 -2.987216711044311523e-01 -3.146659731864929199e-01 -3.267345726490020752e-01 -1.090340539813041687e-01 -9.785319864749908447e-02 -1.160701960325241089e-01 -1.348295360803604126e-01 -1.239017322659492493e-01 -1.362575143575668335e-01 -1.051277890801429749e-01
2.836054265499114990e-01 2.870626747608184814e-01 3.027982711791992188e-01 2.822292149066925049e-01 2.808204591274261475e-01 2.841559648513793945e-01 2.826479375362396240e-01 2.920324206352233887e-01 2.657308280467987061e-01 3.077387213706970215e-01 6.346485018730163574e-02 2.707507014274597168e-01 3.150746524333953857e-01 3.250044882297515869e-01 3.322067260742187500e-01 1.189359426498413086e+00 3.743575811386108398e-01 3.453459441661834717e-01 2.951765954494476318e-01 3.427067995071411133e-01 3.392604589462280273e-01 3.616485893726348877e-01 3.313030600547790527e-01 -4.078482463955879211e-02 5.015765875577926636e-02 4.390469938516616821e-02 -3.036517091095447540e-02 -3.808398917317390442e-02 -1.565406918525695801e-01 -2.826487123966217041e-01 -1.500213295221328735e-01 -3.115562722086906433e-02 -3.346187993884086609e-02 -4.002045094966888428e-02 3.191387979313731194e-03 -1.478318274021148682e-01 -3.108843863010406494e-01 -2.984427511692047119e-01 -2.940395176410675049e-01 -2.988040745258331299e-01 -3.079349100589752197e-01 -3.075872063636779785e-01 -3.081041276454925537e-01 -3.074627816677093506e-01 -2.968316078186035156e-01 -3.003084063529968262e-01 -2.976334095001220703e-01 -3.231233060359954834e-01 -3.044276535511016846e-01 -3.180840611457824707e-01 -3.197369277477264404e-01 -3.154820203781127930e-01 -3.294797539710998535e-01 -3.350220322608947754e-01 -1.136551797389984131e-01 -9.050822257995605469e-02 -1.224557384848594666e-01 -1.460219174623489380e-01 -1.243689656257629395e-01 -1.495047658681869507e-01 -1.129989996552467346e-01
2.790489196777343750e-01 2.875615060329437256e-01 2.972215116024017334e-01 2.761107683181762695e-01 2.777759730815887451e-01 2.802132070064544678e-01 2.834718525409698486e-01 2.944511175155639648e-01 2.644374668598175049e-01 2.979194521903991699e-01 6.308635324239730835e-02 2.703499495983123779e-01 3.190681934356689453e-01 3.054518997669219971e-01 3.469993770122528076e-01 3.743575811386108398e-01 1.168142199516296387e+00 3.370355367660522461e-01 3.056664466857910156e-01 3.354701399803161621e-01 3.397990167140960693e-01 3.496232330799102783e-01 3.334342241287231445e-01 -3.346555680036544800e-02 5.567061901092529297e-02 4.390257969498634338e-02 -2.988005429506301880e-02 -3.889550268650054932e-02 -1.554878354072570801e-01 -2.861632704734802246e-01 -1.429287344217300415e-01 -2.814015932381153107e-02 -3.064258582890033722e-02 -3.285527601838111877e-02 4.200857132673263550e-03 -1.442726254463195801e-01 -3.056870698928833008e-01 -2.977344691753387451e-01 -2.967466711997985840e-01 -2.963493466377258301e-01 -3.016665577888488770e-01 -3.056735694408416748e-01 -3.139061629772186279e-01 -3.052378296852111816e-01 -2.910172045230865479e-01 -2.966722249984741211e-01 -2.969973981380462646e-01 -3.225691914558410645e-01 -3.064673542976379395e-01 -3.166558444499969482e-01 -3.198253512382507324e-01 -3.144346773624420166e-01 -3.337050080299377441e-01 -3.387583494186401367e-01 -1.217098683118820190e-01 -1.019611433148384094e-01 -1.193399280309677124e-01 -1.437340676784515381e-01 -1.282650828361511230e-01 -1.509026288986206055e-01 -1.092807799577713013e-01
2.623104453086853027e-01 2.742106616497039795e-01 2.846870720386505127e-01 2.675572037696838379e-01 2.652520239353179932e-01 2.735452353954315186e-01 2.679326832294464111e-01 2.699097394943237305e-01 2.546496391296386719e-01 2.918712198734283447e-01 6.044028326869010925e-02 2.751521468162536621e-01 3.079597651958465576e-01 2.986082136631011963e-01 3.078899979591369629e-01 3.453459441661834717e-01 3.370355367660522461e-01 1.144714593887329102e+00 2.757218480110168457e-01 3.289399743080139160e-01 3.252971768379211426e-01 3.117807209491729736e-01 3.006920814514160156e-01 -3.809420764446258545e-02 5.796610191464424133e-02 5.173186212778091431e-02 -2.740589529275894165e-02 -2.820511534810066223e-02 -1.516218036413192749e-01 -2.789444923400878906e-01 -1.411303579807281494e-01 -1.173928286880254745e-02 -1.850031502544879913e-02 -3.140645101666450500e-02 4.783189855515956879e-03 -1.337224096059799194e-01 -3.039247989654541016e-01 -2.925158739089965820e-01 -2.873633205890655518e-01 -2.924546301364898682e-01 -2.978678345680236816e-01 -3.014101088047027588e-01 -3.008892536163330078e-01 -2.956798672676086426e-01 -2.866892516613006592e-01 -2.895737886428833008e-01 -2.871775329113006592e-01 -3.126552104949951172e-01 -2.961255609989166260e-01 -3.102945089340209961e-01 -3.098004162311553955e-01 -3.074152469635009766e-01 -3.230349421501159668e-01 -3.300997912883758545e-01 -1.100535616278648376e-01 -8.644064515829086304e-02 -1.148789823055267334e-01 -1.369585841894149780e-01 -1.166733503341674805e-01 -1.351603567600250244e-01 -9.902614355087280273e-02
3.061531782150268555e-01 2.968515455722808838e-01 3.000151813030242920e-01 2.894973158836364746e-01 3.028466105461120605e-01 2.870840430259704590e-01 2.694395780563354492e-01 2.793709039688110352e-01 2.485546171665191650e-01 2.649939060211181641e-01 5.905905738472938538e-02 2.553793489933013916e-01 3.049014210700988770e-01 2.813573479652404785e-01 2.896198034286499023e-01 2.951765954494476318e-01 3.056664466857910156e-01 2.757218480110168457e-01 1.154299139976501465e+00 3.057031035423278809e-01 2.929989993572235107e-01 2.926380634307861328e-01 2.864333093166351318e-01 -2.601379342377185822e-02 5.033406987786293030e-02 3.758963942527770996e-02 -2.628417313098907471e-02 -3.678142279386520386e-02 -1.355118751525878906e-01 -2.616675496101379395e-01 -1.319502890110015869e-01 -3.003477118909358978e-02 -4.407954216003417969e-02 -3.769519180059432983e-02 -1.033927430398762226e-03 -1.366044133901596069e-01 -2.917986512184143066e-01 -2.785719633102416992e-01 -2.791619598865509033e-01 -2.776997983455657959e-01 -2.834205925464630127e-01 -2.898797690868377686e-01 -2.905102968215942383e-01 -2.838280498981475830e-01 -2.763426005840301514e-01 -2.776518762111663818e-01 -2.755729556083679199e-01 -3.008033633232116699e-01 -2.853423357009887695e-01 -3.044563233852386475e-01 -3.033840954303741455e-01 -2.925854325294494629e-01 -3.104197978973388672e-01 -3.249315321445465088e-01 -1.104084700345993042e-01 -8.769975602626800537e-02 -1.136764436960220337e-01 -1.372942924499511719e-01 -1.147858053445816040e-01 -1.293550580739974976e-01 -9.529676288366317749e-02
2.698662579059600830e-01 2.800356149673461914e-01 2.955506443977355957e-01 2.798566520214080811e-01 2.718278467655181885e-01 2.785545885562896729e-01 2.803627252578735352e-01 2.852128744125366211e-01 2.533040940761566162e-01 2.764562070369720459e-01 6.069516763091087341e-02 2.725523412227630615e-01 3.266213536262512207e-01 2.856881916522979736e-01 3.201653361320495605e-01 3.427067995071411133e-01 3.354701399803161621e-01 3.289399743080139160e-01 3.057031035423278809e-01 1.188429832458496094e+00 3.348177075386047363e-01 3.452077805995941162e-01 3.292426466941833496e-01 -4.107487946748733521e-02 5.540839955210685730e-02 4.056486487388610840e-02 -1.983180269598960876e-02 -3.192453831434249878e-02 -1.488158404827117920e-01 -2.761890888214111328e-01 -1.430263668298721313e-01 -4.023892432451248169e-02 -3.790608048439025879e-02 -4.071576893329620361e-02 2.993908524513244629e-02 -1.364413648843765259e-01 -3.021261990070343018e-01 -2.890142798423767090e-01 -2.878666818141937256e-01 -2.880455553531646729e-01 -2.952620983123779297e-01 -2.972196638584136963e-01 -2.989187240600585938e-01 -2.963788509368896484e-01 -2.844606637954711914e-01 -2.928144633769989014e-01 -2.879905402660369873e-01 -3.118148148059844971e-01 -2.940160334110260010e-01 -3.122065961360931396e-01 -3.089902400970458984e-01 -3.109302818775177002e-01 -3.264550268650054932e-01 -3.368612527847290039e-01 -1.123465821146965027e-01 -9.674244374036788940e-02 -1.151380091905593872e-01 -1.381987780332565308e-01 -1.188237369060516357e-01 -1.344324350357055664e-01 -1.089401990175247192e-01
2.791964411735534668e-01 2.792070508003234863e-01 2.990814745426177979e-01 2.824926972389221191e-01 2.864411473274230957e-01 2.808013558387756348e-01 2.787486016750335693e-01 2.853718101978302002e-01 2.660656869411468506e-01 2.823980748653411865e-01 6.254922598600387573e-02 2.715048193931579590e-01 3.369970619678497314e-01 3.031488060951232910e-01 3.168830871582031250e-01 3.392604589462280273e-01 3.397990167140960693e-01 3.252971768379211426e-01 2.929989993572235107e-01 3.348177075386047363e-01 1.165175437927246094e+00 3.356763720512390137e-01 3.230789303779602051e-01 -3.509595617651939392e-02 6.548107415437698364e-02 4.090702533721923828e-02 -1.993922330439090729e-02 -3.496988117694854736e-02 -1.539068222045898438e-01 -2.841410338878631592e-01 -1.375497877597808838e-01 -2.150491438806056976e-02 -3.844005614519119263e-02 -3.362069278955459595e-02 7.672003004699945450e-03 -1.389489620923995972e-01 -3.081404268741607666e-01 -2.964520156383514404e-01 -2.923434674739837646e-01 -2.916418313980102539e-01 -3.044598698616027832e-01 -3.037849664688110352e-01 -3.027915954589843750e-01 -2.986528575420379639e-01 -2.901773452758789062e-01 -2.970765829086303711e-01 -2.894565761089324951e-01 -3.214783370494842529e-01 -2.999925613403320312e-01 -3.162952959537506104e-01 -3.145655989646911621e-01 -3.099429309368133545e-01 -3.276349008083343506e-01 -3.303522169589996338e-01 -1.190626695752143860e-01 -1.009206548333168030e-01 -1.188165247440338135e-01 -1.412918120622634888e-01 -1.172398477792739868e-01 -1.464969813823699951e-01 -1.112196668982505798e-01
2.781745791435241699e-01 2.726702988147735596e-01 2.911486625671386719e-01 2.795646488666534424e-01 2.757367491722106934e-01 2.758944630622863770e-01 2.883152663707733154e-01 2.925702035427093506e-01 2.532003223896026611e-01 2.906736135482788086e-01 6.290520727634429932e-02 2.733529508113861084e-01 3.063647150993347168e-01 3.156495988368988037e-01 3.451751768589019775e-01 3.616485893726348877e-01 3.496232330799102783e-01 3.117807209491729736e-01 2.926380634307861328e-01 3.452077805995941162e-01 3.356763720512390137e-01 1.175720095634460449e+00 3.370868563652038574e-01 -3.649025037884712219e-02 4.678170755505561829e-02 5.073516070842742920e-02 -1.965196989476680756e-02 -3.220458328723907471e-02 -1.499319970607757568e-01 -2.784695923328399658e-01 -1.468403488397598267e-01 -3.964309021830558777e-02 -3.929349407553672791e-02 -5.422617867588996887e-02 3.383211093023419380e-03 -1.387710869312286377e-01 -3.036623299121856689e-01 -2.913165688514709473e-01 -2.888874113559722900e-01 -2.948320508003234863e-01 -3.007545471191406250e-01 -3.011858761310577393e-01 -3.029031753540039062e-01 -3.020222187042236328e-01 -2.882361710071563721e-01 -2.968963980674743652e-01 -2.876530587673187256e-01 -3.153826296329498291e-01 -3.017739951610565186e-01 -3.106088042259216309e-01 -3.100107908248901367e-01 -3.053694665431976318e-01 -3.201932907104492188e-01 -3.321890830993652344e-01 -1.185900866985321045e-01 -1.014321222901344299e-01 -1.193423718214035034e-01 -1.399862170219421387e-01 -1.290025711059570312e-01 -1.437815129756927490e-01 -1.111467033624649048e-01
2.657195031642913818e-01 2.765943706035614014e-01 2.845165729522705078e-01 2.811837792396545410e-01 2.691502571105957031e-01 2.708408534526824951e-01 2.712794542312622070e-01 2.952623665332794189e-01 2.844211459159851074e-01 2.913223803043365479e-01 6.041269376873970032e-02 2.661285400390625000e-01 3.104070425033569336e-01 3.136420547962188721e-01 3.266887068748474121e-01 3.313030600547790527e-01 3.334342241287231445e-01 3.006920814514160156e-01 2.864333093166351318e-01 3.292426466941833496e-01 3.230789303779602051e-01 3.370868563652038574e-01 1.179833531379699707e+00 -3.370228782296180725e-02 4.763477668166160583e-02 3.727852180600166321e-02 -2.899396046996116638e-02 -4.164643213152885437e-02 -1.528590768575668335e-01 -2.711645364761352539e-01 -1.387217044830322266e-01 -3.058658726513385773e-02 -3.778437525033950806e-02 -3.283134475350379944e-02 -5.737818777561187744e-03 -1.328954547643661499e-01 -3.006269335746765137e-01 -2.889623045921325684e-01 -2.857055962085723877e-01 -2.864506840705871582e-01 -2.940132617950439453e-01 -2.963112890720367432e-01 -2.947604358196258545e-01 -2.910241782665252686e-01 -2.856807112693786621e-01 -2.877251207828521729e-01 -2.850362658500671387e-01 -3.065586686134338379e-01 -2.935607135295867920e-01 -3.053627014160156250e-01 -3.055523037910461426e-01 -3.065579533576965332e-01 -3.155931830406188965e-01 -3.337543010711669922e-01 -1.125526353716850281e-01 -9.890514612197875977e-02 -1.129555106163024902e-01 -1.379471719264984131e-01 -1.183152049779891968e-01 -1.361569166183471680e-01 -1.110573410987854004e-01
-2.475729770958423615e-02 -2.301264367997646332e-02 -2.442445233464241028e-02 -2.593594230711460114e-02 -2.843460440635681152e-02 -1.743163168430328369e-02 -2.480666153132915497e-02 -2.566006779670715332e-02 -2.570288442075252533e-02 -3.306429833173751831e-02 -4.812845960259437561e-03 -2.391209080815315247e-02 -3.315540030598640442e-02 -3.887455537915229797e-02 -3.851967304944992065e-02 -4.078482463955879211e-02 -3.346555680036544800e-02 -3.809420764446258545e-02 -2.601379342377185822e-02 -4.107487946748733521e-02 -3.509595617651939392e-02 -3.649025037884712219e-02 -3.370228782296180725e-02 8.405984044075012207e-01 -6.864191498607397079e-03 4.815311636775732040e-03 -1.374840177595615387e-02 -4.788553342223167419e-03 4.760841839015483856e-03 1.519315876066684723e-02 1.092890463769435883e-02 -1.713835820555686951e-02 -6.717714946717023849e-03 -2.995679154992103577e-02 -8.060116320848464966e-03 -1.356420665979385376e-02 2.071902528405189514e-02 1.671933569014072418e-02 1.456098258495330811e-02 1.801838539540767670e-02 1.597046479582786560e-02 1.767360419034957886e-02 1.807917654514312744e-02 1.524751074612140656e-02 1.803968660533428192e-02 1.715878769755363464e-02 1.318010408431291580e-02 1.386725530028343201e-02 1.442270167171955109e-02 1.268064789474010468e-02 1.563465967774391174e-02 1.438180916011333466e-02 1.429593842476606369e-02 1.232646522112190723e-03 -2.767205471172928810e-03 -5.647017154842615128e-03 2.650651847943663597e-03 -2.353762974962592125e-03 -4.367902874946594238e-03 4.462637007236480713e-03 6.558030727319419384e-04
4.760582745075225830e-02 5.619634315371513367e-02 6.123448163270950317e-02 5.750293284654617310e-02 5.249900743365287781e-02 6.540966778993606567e-02 5.035719648003578186e-02 4.719178751111030579e-02 4.966771230101585388e-02 5.260566622018814087e-02 1.290175132453441620e-02 5.732049793004989624e-02 5.698190629482269287e-02 5.013846606016159058e-02 5.419524013996124268e-02 5.015765875577926636e-02 5.567061901092529297e-02 5.796610191464424133e-02 5.033406987786293030e-02 5.540839955210685730e-02 6.548107415437698364e-02 4.678170755505561829e-02 4.763477668166160583e-02 -6.864191498607397079e-03 9.049967527389526367e-01 1.008848007768392563e-02 -3.852753899991512299e-03 -1.438649371266365051e-02 -2.698912657797336578e-02 -5.785602331161499023e-02 -2.086094394326210022e-02 -1.843214221298694611e-02 8.099758997559547424e-03 -1.735306531190872192e-02 -1.308272033929824829e-02 -4.267670959234237671e-02 -6.597926467657089233e-02 -5.994240567088127136e-02 -5.743476748466491699e-02 -5.773332342505455017e-02 -6.421284377574920654e-02 -6.871809810400009155e-02 -6.773782521486282349e-02 -6.336206942796707153e-02 -6.327091902494430542e-02 -6.114168465137481689e-02 -6.114101409912109375e-02 -7.643066346645355225e-02 -6.700406223535537720e-02 -7.904611527919769287e-02 -6.990038603544235229e-02 -6.806413829326629639e-02 -7.731955498456954956e-02 -8.113565295934677124e-02 -2.502251602709293365e-02 -2.268270403146743774e-02 -2.895835414528846741e-02 -3.215984627604484558e-02 -3.426372259855270386e-02 -3.356743603944778442e-02 -2.870523743331432343e-02
