1.404535055160522461e+00 8.153241872787475586e-01 3.528821468353271484e-01 7.166994810104370117e-01 -2.674762159585952759e-02 -2.428690530359745026e-02 -5.149069055914878845e-02 7.830700874328613281e-01 7.767552733421325684e-01 -4.424151778221130371e-02 7.076604664325714111e-02 5.362673848867416382e-02 -2.083582431077957153e-02 -3.483938798308372498e-02 7.757427692413330078e-01 8.006911873817443848e-01 7.871973514556884766e-01 -4.381571337580680847e-02 -2.096068114042282104e-02 -1.061740890145301819e-02 7.908893823623657227e-01 7.863410711288452148e-01 7.992807030677795410e-01 1.136441305279731750e-01 -4.370650276541709900e-02 -4.757204651832580566e-02 -3.495960682630538940e-02 -3.995240479707717896e-02 -1.040435209870338440e-01 -1.116143465042114258e-01 -1.028379052877426147e-01 -1.179950907826423645e-01 -1.105493456125259399e-01 -9.996751695871353149e-02 -1.027783825993537903e-01 -1.058444827795028687e-01 -1.011687815189361572e-01 -1.047528311610221863e-01 -9.128942340612411499e-02 -1.278849542140960693e-01 -1.322106719017028809e-01 -1.343162506818771362e-01 -1.156910806894302368e-01 -1.398121118545532227e-01 -1.479375958442687988e-01 -1.500204354524612427e-01 -1.295948475599288940e-01 -1.197633743286132812e-01 -1.313464343547821045e-01 -1.218082904815673828e-01 -1.372293829917907715e-01 -1.317693591117858887e-01 -1.213251575827598572e-01 -8.594875037670135498e-02 -1.097097843885421753e-01 -1.362338662147521973e-01 -1.181046441197395325e-01 -7.471288740634918213e-02 -1.403281092643737793e-01 -8.406827598810195923e-02 -1.795408278703689575e-01 -1.467530429363250732e-01 -1.718354374170303345e-01 -1.900472640991210938e-01 -1.655649244785308838e-01 -1.250340938568115234e-01 -1.329281181097030640e-01 -1.313197910785675049e-01 -1.394214034080505371e-01 -1.216727867722511292e-01 -1.094143688678741455e-01 -1.316797286272048950e-01 -1.174483671784400940e-01 -1.017605215311050415e-01 -1.188215762376785278e-01 -1.197693943977355957e-01 -1.304352879524230957e-01 -1.185513362288475037e-01 -1.510683447122573853e-01 -1.211754903197288513e-01 -1.405519694089889526e-01 -1.445189863443374634e-01 -1.447495669126510620e-01 3.243069946765899658e-01 -1.080626025795936584e-01 -1.155674681067466736e-01 -1.391969025135040283e-01 -1.109203547239303589e-01 -1.122130230069160461e-01 -1.226265430450439453e-01 -1.209905296564102173e-01 -1.128025650978088379e-01 -1.119692325592041016e-01 -1.020265892148017883e-01 -1.324604302644729614e-01 -1.275958567857742310e-01 -1.290839463472366333e-01 -1.198956519365310669e-01 -1.041560620069503784e-01 -1.306823492050170898e-01 -1.201585382223129272e-01 -1.045014113187789917e-01 -1.246673464775085449e-01 -1.282072961330413818e-01 -1.177347525954246521e-01
8.153241872787475586e-01 1.392276763916015625e+00 3.466309309005737305e-01 6.913253664970397949e-01 -6.379131972789764404e-02 -6.465777754783630371e-02 -5.881794542074203491e-02 7.720511555671691895e-01 7.703990340232849121e-01 -6.499703973531723022e-02 6.321056187152862549e-02 6.478107720613479614e-02 -4.306549578905105591e-02 -5.329138785600662231e-02 7.917708158493041992e-01 8.298264145851135254e-01 8.158532381057739258e-01 -4.981506988406181335e-02 -3.920827805995941162e-02 -4.433284699916839600e-02 7.729234695434570312e-01 7.996315956115722656e-01 8.174969553947448730e-01 1.556154638528823853e-01 -3.998876363039016724e-02 -2.320786006748676300e-02 -1.118452381342649460e-02 -3.222985938191413879e-02 -1.005262359976768494e-01 -1.107069104909896851e-01 -9.698834270238876343e-02 -1.179905831813812256e-01 -1.050446107983589172e-01 -1.068719029426574707e-01 -1.101381406188011169e-01 -1.144494414329528809e-01 -9.709877520799636841e-02 -9.947826713323593140e-02 -9.434573352336883545e-02 -1.097849607467651367e-01 -1.203945651650428772e-01 -1.261785775423049927e-01 -1.259845048189163208e-01 -1.436057537794113159e-01 -1.368824690580368042e-01 -1.477835327386856079e-01 -1.245589554309844971e-01 -1.222527474164962769e-01 -1.265110671520233154e-01 -1.164362505078315735e-01 -1.314304769039154053e-01 -1.252671778202056885e-01 -1.113016456365585327e-01 -9.017433226108551025e-02 -1.091868877410888672e-01 -1.347660571336746216e-01 -1.164669096469879150e-01 -6.145144253969192505e-02 -1.492080241441726685e-01 -7.859972119331359863e-02 -1.807778477668762207e-01 -1.523365378379821777e-01 -1.817005872726440430e-01 -1.832762062549591064e-01 -1.614319682121276855e-01 -1.093561053276062012e-01 -1.314380615949630737e-01 -1.177387833595275879e-01 -1.401313692331314087e-01 -1.251936554908752441e-01 -1.179584339261054993e-01 -1.215853542089462280e-01 -1.159009411931037903e-01 -1.065923422574996948e-01 -1.117405518889427185e-01 -1.130065396428108215e-01 -1.329466104507446289e-01 -1.204967200756072998e-01 -1.456869691610336304e-01 -1.348129212856292725e-01 -1.435348540544509888e-01 -1.461972743272781372e-01 -1.592477560043334961e-01 3.086496591567993164e-01 -1.045716404914855957e-01 -1.149377226829528809e-01 -1.369631737470626831e-01 -1.023980006575584412e-01 -1.064389348030090332e-01 -1.396109461784362793e-01 -1.297409981489181519e-01 -1.158796250820159912e-01 -1.150315999984741211e-01 -9.476653486490249634e-02 -1.075824126601219177e-01 -1.243570819497108459e-01 -1.161982938647270203e-01 -1.226946189999580383e-01 -1.173192337155342102e-01 -1.304558068513870239e-01 -1.227334737777709961e-01 -1.143302917480468750e-01 -1.255490034818649292e-01 -1.175407692790031433e-01 -1.046448573470115662e-01
3.528821468353271484e-01 3.466309309005737305e-01 1.244192957878112793e+00 3.459657132625579834e-01 4.059147238731384277e-01 3.484680652618408203e-01 3.886739313602447510e-01 3.116068243980407715e-01 3.359430432319641113e-01 4.439904391765594482e-01 5.539995431900024414e-02 7.451234757900238037e-02 4.304875433444976807e-01 4.402077198028564453e-01 3.387481272220611572e-01 3.412837684154510498e-01 3.499005436897277832e-01 2.254427969455718994e-01 4.355647265911102295e-01 4.222660362720489502e-01 3.366680145263671875e-01 3.401759862899780273e-01 3.550477623939514160e-01 1.252766102552413940e-01 1.406418234109878540e-01 7.751013338565826416e-02 7.734214514493942261e-02 7.266630232334136963e-02 -1.086768060922622681e-01 -1.244833916425704956e-01 -9.750254452228546143e-02 -1.144107431173324585e-01 -1.204035431146621704e-01 -1.172655597329139709e-01 -1.041052713990211487e-01 -1.096770092844963074e-01 -1.058729365468025208e-01 -1.197744384407997131e-01 -1.012678444385528564e-01 -1.332203149795532227e-01 -1.186996921896934509e-01 -1.256298124790191650e-01 -1.265426278114318848e-01 -1.469288915395736694e-01 -1.576244831085205078e-01 -1.436459273099899292e-01 -1.217966228723526001e-01 -1.198657304048538208e-01 -1.407313048839569092e-01 -1.264412701129913330e-01 -1.306796371936798096e-01 -1.347854882478713989e-01 -1.020941734313964844e-01 -9.248432517051696777e-02 -9.440557658672332764e-02 -1.221358776092529297e-01 -1.106662079691886902e-01 -6.349977571517229080e-03 -1.414085328578948975e-01 -5.366770923137664795e-02 -1.685971915721893311e-01 -1.472979784011840820e-01 -1.671518087387084961e-01 -1.779079288244247437e-01 -1.535169929265975952e-01 -1.253361254930496216e-01 -1.252039521932601929e-01 -1.022716909646987915e-01 -1.265274435281753540e-01 -1.054150313138961792e-01 -1.183203831315040588e-01 -1.158566549420356750e-01 -1.072334647178649902e-01 -8.807392418384552002e-02 -1.024454832077026367e-01 -1.024531498551368713e-01 -1.137240082025527954e-01 -1.135039180517196655e-01 -1.379029750823974609e-01 -1.193578094244003296e-01 -1.339862793684005737e-01 -1.411663591861724854e-01 -1.470554172992706299e-01 1.550333946943283081e-01 -1.087454929947853088e-01 -1.294727176427841187e-01 -1.359647363424301147e-01 -1.345017850399017334e-01 -1.238987147808074951e-01 -1.297363638877868652e-01 -1.305016577243804932e-01 -1.147747188806533813e-01 -1.241893917322158813e-01 -1.207789629697799683e-01 -1.332816332578659058e-01 -1.324916332960128784e-01 -1.228666901588439941e-01 -1.327359825372695923e-01 -1.239621043205261230e-01 -1.207854002714157104e-01 -1.030190587043762207e-01 -1.180942654609680176e-01 -1.215609312057495117e-01 -1.302920579910278320e-01 -1.297350972890853882e-01
7.166994810104370117e-01 6.913253664970397949e-01 3.459657132625579834e-01 1.278066635131835938e+00 3.104229643940925598e-02 1.984890550374984741e-02 2.632151916623115540e-02 6.676027178764343262e-01 6.519024372100830078e-01 1.671252027153968811e-02 7.026793062686920166e-02 7.016475498676300049e-02 4.063664749264717102e-02 4.119345173239707947e-02 6.580440402030944824e-01 6.765899062156677246e-01 6.904523372650146484e-01 8.705913089215755463e-03 4.037414863705635071e-02 3.883461281657218933e-02 6.688565611839294434e-01 6.784471869468688965e-01 6.776208877563476562e-01 1.485690623521804810e-01 -1.150427293032407761e-02 -1.120355445891618729e-02 5.064092576503753662e-03 -7.751314900815486908e-03 -1.051397994160652161e-01 -1.194352954626083374e-01 -9.890858083963394165e-02 -1.059440895915031433e-01 -1.048824787139892578e-01 -1.000347882509231567e-01 -1.034370884299278259e-01 -9.739138931035995483e-02 -9.105522930622100830e-02 -9.558526426553726196e-02 -8.294709771871566772e-02 -1.122762858867645264e-01 -1.365732401609420776e-01 -1.182753220200538635e-01 -1.172623783349990845e-01 -1.381012946367263794e-01 -1.401319950819015503e-01 -1.283734738826751709e-01 -1.173167675733566284e-01 -1.244951039552688599e-01 -1.215454488992691040e-01 -1.172643899917602539e-01 -1.179991587996482849e-01 -1.135475113987922668e-01 -1.162024214863777161e-01 -8.660665899515151978e-02 -9.553459286689758301e-02 -1.229870766401290894e-01 -1.096361875534057617e-01 -4.640100151300430298e-02 -1.417593508958816528e-01 -6.778180599212646484e-02 -1.703316122293472290e-01 -1.461700797080993652e-01 -1.621636450290679932e-01 -1.702386736869812012e-01 -1.505199223756790161e-01 -1.140293255448341370e-01 -1.286154240369796753e-01 -1.189648360013961792e-01 -1.295187473297119141e-01 -1.189853101968765259e-01 -1.132976785302162170e-01 -1.173555701971054077e-01 -1.081529632210731506e-01 -9.695164114236831665e-02 -1.155072972178459167e-01 -1.024286076426506042e-01 -1.138131767511367798e-01 -1.086721047759056091e-01 -1.353860646486282349e-01 -1.197761073708534241e-01 -1.352727860212326050e-01 -1.388446688652038574e-01 -1.341865360736846924e-01 2.755662798881530762e-01 -1.089020967483520508e-01 -1.228576824069023132e-01 -1.309991925954818726e-01 -1.195490807294845581e-01 -1.112290322780609131e-01 -1.327571123838424683e-01 -1.191641613841056824e-01 -1.106639876961708069e-01 -1.042954921722412109e-01 -1.038292273879051208e-01 -1.251452565193176270e-01 -1.145177334547042847e-01 -1.316072344779968262e-01 -1.277865171432495117e-01 -1.171143874526023865e-01 -1.160986572504043579e-01 -1.144620478153228760e-01 -1.031490862369537354e-01 -1.274959146976470947e-01 -1.203036233782768250e-01 -1.097729876637458801e-01
-2.674762159585952759e-02 -6.379131972789764404e-02 4.059147238731384277e-01 3.104229643940925598e-02 1.255948543548583984e+00 6.201307773590087891e-01 6.561042666435241699e-01 -4.881507158279418945e-02 -2.906032837927341461e-02 7.419620752334594727e-01 4.229948669672012329e-02 5.536343529820442200e-02 7.083010673522949219e-01 7.367449998855590820e-01 -2.159480378031730652e-02 -2.740584313869476318e-02 -4.402973502874374390e-02 4.109984934329986572e-01 7.145346999168395996e-01 7.401500940322875977e-01 -3.754188120365142822e-02 -4.446529597043991089e-02 -4.610342904925346375e-02 8.276848495006561279e-02 2.593297660350799561e-01 1.371545344591140747e-01 1.047515124082565308e-01 1.076355949044227600e-01 -8.593649417161941528e-02 -9.750318527221679688e-02 -7.335821539163589478e-02 -1.026095300912857056e-01 -8.616825193166732788e-02 -9.749931842088699341e-02 -1.013529747724533081e-01 -9.239441156387329102e-02 -9.002783149480819702e-02 -9.598699957132339478e-02 -9.051884710788726807e-02 -1.177557706832885742e-01 -9.870020300149917603e-02 -1.078017652034759521e-01 -9.707130491733551025e-02 -1.148653775453567505e-01 -1.196023747324943542e-01 -1.239260062575340271e-01 -1.009448766708374023e-01 -1.084762290120124817e-01 -1.207028850913047791e-01 -1.038816124200820923e-01 -1.126670241355895996e-01 -1.124454140663146973e-01 -8.451262861490249634e-02 -8.976217359304428101e-02 -7.000955939292907715e-02 -1.001131683588027954e-01 -8.682538568973541260e-02 2.686375752091407776e-02 -9.431817382574081421e-02 -1.909607090055942535e-02 -1.395514309406280518e-01 -1.069937571883201599e-01 -1.228675022721290588e-01 -1.269228458404541016e-01 -1.190912649035453796e-01 -9.632944315671920776e-02 -8.399444818496704102e-02 -5.629673600196838379e-02 -9.695716202259063721e-02 -5.741526931524276733e-02 -7.393763214349746704e-02 -7.895463705062866211e-02 -7.622446864843368530e-02 -5.946339666843414307e-02 -5.740851163864135742e-02 -8.535726368427276611e-02 -6.938332319259643555e-02 -7.227379083633422852e-02 -1.086862012743949890e-01 -8.242930471897125244e-02 -7.829479128122329712e-02 -1.062475815415382385e-01 -1.062321886420249939e-01 6.620542611926794052e-03 -8.785077929496765137e-02 -1.175839826464653015e-01 -1.034547910094261169e-01 -1.241885051131248474e-01 -1.154843345284461975e-01 -8.153834193944931030e-02 -1.288410872220993042e-01 -1.207528710365295410e-01 -1.150715574622154236e-01 -1.139077469706535339e-01 -1.070085018873214722e-01 -1.225536540150642395e-01 -1.202753335237503052e-01 -1.115288287401199341e-01 -9.954725205898284912e-02 -8.664507418870925903e-02 -9.194613993167877197e-02 -1.120697408914566040e-01 -1.009618863463401794e-01 -1.060209870338439941e-01 -1.116507500410079956e-01
-2.428690530359745026e-02 -6.465777754783630371e-02 3.484680652618408203e-01 1.984890550374984741e-02 6.201307773590087891e-01 1.333903551101684570e+00 5.913919806480407715e-01 -3.995785862207412720e-02 -6.029177457094192505e-02 6.685082316398620605e-01 3.817212581634521484e-02 4.311367496848106384e-02 6.440310478210449219e-01 6.698727011680603027e-01 -3.241822123527526855e-02 -5.652674660086631775e-02 -6.390412896871566772e-02 3.729503750801086426e-01 6.453263163566589355e-01 6.690146327018737793e-01 -5.696072056889533997e-02 -4.852261021733283997e-02 -5.146958678960800171e-02 7.152590900659561157e-02 2.187172919511795044e-01 1.113335862755775452e-01 8.296974748373031616e-02 9.309346973896026611e-02 -8.887467533349990845e-02 -1.101882755756378174e-01 -8.524092286825180054e-02 -1.000598371028900146e-01 -9.979304671287536621e-02 -1.059118956327438354e-01 -1.096226423978805542e-01 -1.060321107506752014e-01 -8.578390628099441528e-02 -1.114685237407684326e-01 -9.422995150089263916e-02 -1.270359456539154053e-01 -1.034544557332992554e-01 -1.294719129800796509e-01 -1.159139648079872131e-01 -1.214781627058982849e-01 -1.423097401857376099e-01 -1.230007261037826538e-01 -1.095859631896018982e-01 -1.172887459397315979e-01 -1.142733842134475708e-01 -1.156368702650070190e-01 -1.209464147686958313e-01 -1.216366738080978394e-01 -9.572585672140121460e-02 -9.806521981954574585e-02 -9.062825888395309448e-02 -1.257532984018325806e-01 -9.186003357172012329e-02 1.717443345114588737e-03 -1.223996579647064209e-01 -5.101255327463150024e-02 -1.613068580627441406e-01 -1.375292539596557617e-01 -1.498430967330932617e-01 -1.595315784215927124e-01 -1.359548121690750122e-01 -1.157589927315711975e-01 -1.236303076148033142e-01 -8.653814345598220825e-02 -1.199051588773727417e-01 -9.375404566526412964e-02 -1.043062433600425720e-01 -1.161923781037330627e-01 -1.011893972754478455e-01 -9.877809882164001465e-02 -9.612075239419937134e-02 -9.482835233211517334e-02 -9.654738754034042358e-02 -1.055035293102264404e-01 -1.305952668190002441e-01 -1.110090911388397217e-01 -1.081740185618400574e-01 -1.258937269449234009e-01 -1.261104047298431396e-01 1.727896393276751041e-03 -1.952995080500841141e-03 -5.503632128238677979e-03 1.474278885871171951e-02 -1.862422749400138855e-02 -1.694283448159694672e-02 1.351785846054553986e-03 -2.027573063969612122e-02 -2.971585094928741455e-02 -2.067158743739128113e-02 -1.434266101568937302e-02 -1.750952377915382385e-02 -2.408980578184127808e-02 -7.590674329549074173e-03 -1.138880569487810135e-02 1.049273647367954254e-02 1.859477721154689789e-02 9.934911504387855530e-03 -1.060433220118284225e-02 -1.144210807979106903e-02 -1.193093787878751755e-02 -1.988460123538970947e-02
-5.149069055914878845e-02 -5.881794542074203491e-02 3.886739313602447510e-01 2.632151916623115540e-02 6.561042666435241699e-01 5.913919806480407715e-01 1.287467718124389648e+00 -3.345064446330070496e-02 -4.207076877355575562e-02 7.287601828575134277e-01 4.947492107748985291e-02 6.104362010955810547e-02 7.035144567489624023e-01 7.117376923561096191e-01 -2.080735750496387482e-02 -2.855963632464408875e-02 -3.755876794457435608e-02 4.855954349040985107e-01 7.175239324569702148e-01 7.058478593826293945e-01 -3.756412491202354431e-02 -4.837615042924880981e-02 -3.257605433464050293e-02 1.910708993673324585e-01 3.797960579395294189e-01 2.493064403533935547e-01 2.407353073358535767e-01 2.385707795619964600e-01 -8.973100036382675171e-02 -1.221407204866409302e-01 -9.209843724966049194e-02 -9.789778292179107666e-02 -1.008862480521202087e-01 -1.095965355634689331e-01 -1.149132847785949707e-01 -1.031749695539474487e-01 -8.527369797229766846e-02 -1.029123440384864807e-01 -9.206073731184005737e-02 -1.207231059670448303e-01 -8.420982956886291504e-02 -1.216372475028038025e-01 -1.175901219248771667e-01 -1.239713057875633240e-01 -1.297397315502166748e-01 -1.192308440804481506e-01 -9.963111579418182373e-02 -1.212123110890388489e-01 -1.280654370784759521e-01 -1.132600158452987671e-01 -1.205134540796279907e-01 -1.103386431932449341e-01 -9.320759028196334839e-02 -8.578003942966461182e-02 -8.386153727769851685e-02 -1.041485443711280823e-01 -9.869576990604400635e-02 1.186682581901550293e-01 -1.076805889606475830e-01 1.464869640767574310e-02 -1.423750221729278564e-01 -1.126626804471015930e-01 -1.441488564014434814e-01 -1.385521441698074341e-01 -1.367664784193038940e-01 -9.729807078838348389e-02 -1.073122918605804443e-01 -8.270046114921569824e-02 -1.094658300280570984e-01 -7.728422433137893677e-02 -9.126178175210952759e-02 -1.055630072951316833e-01 -8.846415579319000244e-02 -7.784568518400192261e-02 -8.703657239675521851e-02 -7.507632672786712646e-02 -9.175759553909301758e-02 -9.276968985795974731e-02 -1.119401454925537109e-01 -9.300744533538818359e-02 -9.077455848455429077e-02 -1.179572716355323792e-01 -1.153327599167823792e-01 2.309584431350231171e-02 -9.609270840883255005e-02 -1.232203990221023560e-01 -1.157007440924644470e-01 -1.271444708108901978e-01 -1.234920844435691833e-01 -1.109502017498016357e-01 -1.186186373233795166e-01 -1.282019913196563721e-01 -1.195966005325317383e-01 -1.175781711935997009e-01 -1.360790282487869263e-01 -1.270709186792373657e-01 -1.258470565080642700e-01 -1.263840198516845703e-01 -1.128455027937889099e-01 -9.853295236825942993e-02 -9.777188301086425781e-02 -1.182151064276695251e-01 -1.185201704502105713e-01 -1.144127100706100464e-01 -1.173588410019874573e-01
7.830700874328613281e-01 7.720511555671691895e-01 3.116068243980407715e-01 6.676027178764343262e-01 -4.881507158279418945e-02 -3.995785862207412720e-02 -3.345064446330070496e-02 1.338471770286560059e+00 7.390960454940795898e-01 -5.171145498752593994e-02 6.103878095746040344e-02 5.793999508023262024e-02 -4.083206132054328918e-02 -3.889248147606849670e-02 7.339898943901062012e-01 7.597160339355468750e-01 7.498112320899963379e-01 -2.795774675905704498e-02 -3.261880576610565186e-02 -4.222289100289344788e-02 7.203730940818786621e-01 7.375730872154235840e-01 7.295953631401062012e-01 1.178550273180007935e-01 -3.440430015325546265e-02 -2.735482901334762573e-02 -2.189662307500839233e-02 -3.751653432846069336e-02 -9.850466996431350708e-02 -1.117851138114929199e-01 -9.493878483772277832e-02 -1.066791489720344543e-01 -1.089980304241180420e-01 -9.894379973411560059e-02 -9.896109998226165771e-02 -8.994437754154205322e-02 -9.263996779918670654e-02 -1.044523268938064575e-01 -8.692967146635055542e-02 -1.130773723125457764e-01 -1.203784719109535217e-01 -1.143478453159332275e-01 -1.210184246301651001e-01 -1.312808096408843994e-01 -1.390946805477142334e-01 -1.493219733238220215e-01 -1.159941852092742920e-01 -1.215977072715759277e-01 -1.243089884519577026e-01 -1.188938468694686890e-01 -1.229706034064292908e-01 -1.135294362902641296e-01 -1.087071374058723450e-01 -8.288834989070892334e-02 -1.018114760518074036e-01 -1.226737499237060547e-01 -1.110818684101104736e-01 -6.648462265729904175e-02 -1.311280727386474609e-01 -7.426526397466659546e-02 -1.746872067451477051e-01 -1.403348296880722046e-01 -1.623557060956954956e-01 -1.819861084222793579e-01 -1.469409763813018799e-01 -1.154523640871047974e-01 -1.283305138349533081e-01 -1.238892003893852234e-01 -1.315343827009201050e-01 -1.140280365943908691e-01 -1.068289726972579956e-01 -1.191111281514167786e-01 -1.057492122054100037e-01 -8.741129189729690552e-02 -1.087225154042243958e-01 -1.013465672731399536e-01 -1.317991018295288086e-01 -1.020401045680046082e-01 -1.454717814922332764e-01 -1.211136654019355774e-01 -1.331581920385360718e-01 -1.489631533622741699e-01 -1.499951630830764771e-01 2.959479093551635742e-01 -9.485302120447158813e-02 -1.011606603860855103e-01 -1.289946436882019043e-01 -1.066547632217407227e-01 -1.109033003449440002e-01 -1.115084439516067505e-01 -1.047705262899398804e-01 -1.103164777159690857e-01 -9.265940636396408081e-02 -9.151485562324523926e-02 -9.927539527416229248e-02 -1.106110364198684692e-01 -1.113654673099517822e-01 -1.106245964765548706e-01 -1.058818325400352478e-01 -1.068286001682281494e-01 -1.005491316318511963e-01 -1.072989329695701599e-01 -1.078978404402732849e-01 -1.219794452190399170e-01 -1.086459904909133911e-01
7.767552733421325684e-01 7.703990340232849121e-01 3.359430432319641113e-01 6.519024372100830078e-01 -2.906032837927341461e-02 -6.029177457094192505e-02 -4.207076877355575562e-02 7.390960454940795898e-01 1.359769225120544434e+00 -4.041507840156555176e-02 6.669291108846664429e-02 6.181837245821952820e-02 -3.370488062500953674e-02 -3.388367965817451477e-02 7.402343750000000000e-01 7.655853629112243652e-01 7.739819288253784180e-01 -2.774002961814403534e-02 -3.416428342461585999e-02 -3.445301577448844910e-02 7.255924940109252930e-01 7.487576603889465332e-01 7.249094247817993164e-01 1.355921626091003418e-01 -3.381896764039993286e-02 -3.101991862058639526e-02 -1.504162047058343887e-02 -3.050812520086765289e-02 -1.021852046251296997e-01 -1.158664524555206299e-01 -9.221245348453521729e-02 -1.009746044874191284e-01 -1.101003736257553101e-01 -1.018021181225776672e-01 -8.867093175649642944e-02 -8.733866363763809204e-02 -9.198498725891113281e-02 -9.147868305444717407e-02 -8.230090141296386719e-02 -1.151866167783737183e-01 -1.226458996534347534e-01 -1.117370054125785828e-01 -1.168779134750366211e-01 -1.312527656555175781e-01 -1.249970048666000366e-01 -1.327082663774490356e-01 -1.223068982362747192e-01 -1.189084872603416443e-01 -1.296776384115219116e-01 -1.094909235835075378e-01 -1.161955669522285461e-01 -1.196690276265144348e-01 -1.079446747899055481e-01 -8.356935530900955200e-02 -1.034363955259323120e-01 -1.216144636273384094e-01 -1.157258749008178711e-01 -6.023660302162170410e-02 -1.261722892522811890e-01 -8.334957808256149292e-02 -1.682480871677398682e-01 -1.446224451065063477e-01 -1.730351299047470093e-01 -1.816479116678237915e-01 -1.521744281053543091e-01 -1.104155406355857849e-01 -1.242439374327659607e-01 -1.257072687149047852e-01 -1.286298036575317383e-01 -1.077585369348526001e-01 -1.113969832658767700e-01 -1.135046705603599548e-01 -1.115420013666152954e-01 -9.903983771800994873e-02 -1.075687110424041748e-01 -1.098726168274879456e-01 -1.362788826227188110e-01 -1.066385880112648010e-01 -1.460008323192596436e-01 -1.287422329187393188e-01 -1.227653622627258301e-01 -1.376589685678482056e-01 -1.517979651689529419e-01 3.157169520854949951e-01 -1.035880073904991150e-01 -1.233578622341156006e-01 -1.363975554704666138e-01 -1.162666231393814087e-01 -1.211066171526908875e-01 -1.363424956798553467e-01 -1.128102242946624756e-01 -1.029688045382499695e-01 -1.186384856700897217e-01 -1.040606647729873657e-01 -1.210419535636901855e-01 -1.240551844239234924e-01 -1.254491806030273438e-01 -1.167084351181983948e-01 -1.139505356550216675e-01 -1.219752952456474304e-01 -1.156793981790542603e-01 -1.049418002367019653e-01 -1.153707355260848999e-01 -1.263558715581893921e-01 -1.148116365075111389e-01
-4.424151778221130371e-02 -6.499703973531723022e-02 4.439904391765594482e-01 1.671252027153968811e-02 7.419620752334594727e-01 6.685082316398620605e-01 7.287601828575134277e-01 -5.171145498752593994e-02 -4.041507840156555176e-02 1.386408805847167969e+00 4.236064106225967407e-02 8.047245442867279053e-02 7.894405126571655273e-01 8.039724826812744141e-01 -3.036143630743026733e-02 -3.882189467549324036e-02 -6.314118951559066772e-02 4.582409262657165527e-01 7.794806957244873047e-01 7.913135886192321777e-01 -5.137261003255844116e-02 -4.778607562184333801e-02 -5.319428071379661560e-02 1.118452250957489014e-01 2.998698055744171143e-01 1.656462550163269043e-01 1.463810652494430542e-01 1.526189744472503662e-01 -8.409503847360610962e-02 -1.153287142515182495e-01 -9.364742785692214966e-02 -9.875053912401199341e-02 -9.766639024019241333e-02 -1.052933856844902039e-01 -1.042803227901458740e-01 -1.034841388463973999e-01 -9.482190012931823730e-02 -1.101914495229721069e-01 -9.244335442781448364e-02 -1.234575510025024414e-01 -9.705877304077148438e-02 -1.277555376291275024e-01 -1.186150312423706055e-01 -1.311317533254623413e-01 -1.280025094747543335e-01 -1.269330233335494995e-01 -9.980027377605438232e-02 -1.124498546123504639e-01 -1.218749508261680603e-01 -1.084760352969169617e-01 -1.224295422434806824e-01 -1.227179542183876038e-01 -9.750867635011672974e-02 -9.106718748807907104e-02 -8.625613152980804443e-02 -1.093324348330497742e-01 -9.621296823024749756e-02 4.796081781387329102e-02 -1.165223196148872375e-01 -2.827953547239303589e-02 -1.533658653497695923e-01 -1.289393305778503418e-01 -1.466967165470123291e-01 -1.535137891769409180e-01 -1.350650340318679810e-01 -1.114125847816467285e-01 -1.144350990653038025e-01 -8.521381020545959473e-02 -1.126778870820999146e-01 -8.584660291671752930e-02 -8.986623585224151611e-02 -1.107325404882431030e-01 -9.676259011030197144e-02 -8.293262869119644165e-02 -9.041354060173034668e-02 -9.186535328626632690e-02 -8.398657292127609253e-02 -1.001532599329948425e-01 -1.223461702466011047e-01 -1.030199080705642700e-01 -1.106298193335533142e-01 -1.281381398439407349e-01 -1.326665282249450684e-01 1.044765859842300415e-02 -7.418011128902435303e-02 -1.115213185548782349e-01 -1.035727486014366150e-01 -1.118003726005554199e-01 -1.081692278385162354e-01 -9.707279503345489502e-02 -1.164409294724464417e-01 -1.059198155999183655e-01 -1.067368388175964355e-01 -1.087542623281478882e-01 -1.181416362524032593e-01 -1.116771697998046875e-01 -1.189803108572959900e-01 -1.070275008678436279e-01 -1.004503443837165833e-01 -8.242640644311904907e-02 -7.917471230030059814e-02 -1.139807552099227905e-01 -9.331448376178741455e-02 -9.535089135169982910e-02 -1.083883419632911682e-01
7.076604664325714111e-02 6.321056187152862549e-02 5.539995431900024414e-02 7.026793062686920166e-02 4.229948669672012329e-02 3.817212581634521484e-02 4.947492107748985291e-02 6.103878095746040344e-02 6.669291108846664429e-02 4.236064106225967407e-02 8.174487948417663574e-01 1.516728401184082031e-01 3.831382468342781067e-02 5.007422342896461487e-02 6.699755787849426270e-02 6.258300691843032837e-02 6.773979216814041138e-02 7.087393105030059814e-02 3.305263072252273560e-02 5.131753906607627869e-02 6.895710527896881104e-02 7.117018103599548340e-02 6.652534753084182739e-02 9.646144509315490723e-02 8.171747624874114990e-02 8.779095858335494995e-02 8.318769931793212891e-02 9.659919887781143188e-02 -2.644188329577445984e-02 -2.633747830986976624e-02 -3.139292448759078979e-02 -3.861722722649574280e-02 -3.978434577584266663e-02 -3.037484176456928253e-02 -2.570929005742073059e-02 -3.792535141110420227e-02 -2.901322208344936371e-02 -2.350128442049026489e-02 -1.987207494676113129e-02 -3.150422871112823486e-02 -3.091460466384887695e-02 -3.697371482849121094e-02 -4.611855745315551758e-02 -4.039682447910308838e-02 -3.423909097909927368e-02 -4.516493901610374451e-02 -4.153506830334663391e-02 -4.282188415527343750e-02 -4.273435100913047791e-02 -4.080979153513908386e-02 -5.723426863551139832e-02 -2.642615884542465210e-02 -3.063501790165901184e-02 -5.619452334940433502e-03 -1.051659323275089264e-02 -2.160211279988288879e-02 -2.389234863221645355e-02 6.056055054068565369e-02 -3.748924285173416138e-02 2.751974016427993774e-02 -6.298401951789855957e-02 -4.549879208207130432e-02 -5.506813526153564453e-02 -5.366123840212821960e-02 -4.482395201921463013e-02 -2.480761148035526276e-02 -3.135632351040840149e-02 -1.976963877677917480e-02 -2.253488823771476746e-02 -2.272605150938034058e-02 -1.689709536731243134e-02 -2.683808840811252594e-02 -1.599174365401268005e-02 -1.736562512814998627e-02 -1.000632438808679581e-02 -1.579942926764488220e-02 -2.191802300512790680e-02 -1.614159531891345978e-02 -2.719696052372455597e-02 -2.472104504704475403e-02 -2.378159016370773315e-02 -4.003499820828437805e-02 -3.790536522865295410e-02 5.856347829103469849e-02 -2.603762224316596985e-02 -2.888639457523822784e-02 -4.017307981848716736e-02 -4.115863516926765442e-02 -4.025150835514068604e-02 -3.046682476997375488e-02 -2.559320628643035889e-02 -2.955140359699726105e-02 -4.096043854951858521e-02 -4.032882675528526306e-02 -3.672568872570991516e-02 -4.236711189150810242e-02 -3.789864853024482727e-02 -3.952765464782714844e-02 -3.414852544665336609e-02 -2.378138341009616852e-02 -2.228039875626564026e-02 -2.947092987596988678e-02 -2.715438604354858398e-02 -3.310283273458480835e-02 -3.012544848024845123e-02
5.362673848867416382e-02 6.478107720613479614e-02 7.451234757900238037e-02 7.016475498676300049e-02 5.536343529820442200e-02 4.311367496848106384e-02 6.104362010955810547e-02 5.793999508023262024e-02 6.181837245821952820e-02 8.047245442867279053e-02 1.516728401184082031e-01 8.424169421195983887e-01 6.938721239566802979e-02 6.349099427461624146e-02 5.167144909501075745e-02 6.739848107099533081e-02 7.258529216051101685e-02 9.829527884721755981e-02 6.177975609898567200e-02 7.472023367881774902e-02 6.439402699470520020e-02 6.284689903259277344e-02 7.782001793384552002e-02 8.029425889253616333e-02 9.845000505447387695e-02 8.372703194618225098e-02 8.302707225084304810e-02 8.859842270612716675e-02 -2.492506057024002075e-02 -3.473475202918052673e-02 -3.589532524347305298e-02 -3.537504374980926514e-02 -3.138281777501106262e-02 -3.238793462514877319e-02 -3.812337666749954224e-02 -3.654245287179946899e-02 -2.736001089215278625e-02 -2.951076067984104156e-02 -2.302606403827667236e-02 -3.997031971812248230e-02 -2.281767129898071289e-02 -3.498026356101036072e-02 -5.426565930247306824e-02 -5.044396966695785522e-02 -4.906970262527465820e-02 -5.463855713605880737e-02 -5.248882248997688293e-02 -4.480764642357826233e-02 -4.635566473007202148e-02 -3.724232688546180725e-02 -4.943865165114402771e-02 -4.732083529233932495e-02 -2.582084015011787415e-02 -1.933266595005989075e-02 -2.740303054451942444e-02 -1.935991644859313965e-02 -2.775112539529800415e-02 6.475223600864410400e-02 -3.594331070780754089e-02 2.521071583032608032e-02 -6.024427711963653564e-02 -4.397619515657424927e-02 -6.538046896457672119e-02 -5.702959001064300537e-02 -3.724535554647445679e-02 -1.788201369345188141e-02 -2.511944808065891266e-02 -2.400053665041923523e-02 -2.478195168077945709e-02 -1.985860057175159454e-02 -1.559607964009046555e-02 -2.430327795445919037e-02 -1.618726179003715515e-02 -1.644095592200756073e-02 -9.517447091639041901e-03 -4.909259267151355743e-03 -2.935670502483844757e-02 -3.593258559703826904e-03 -2.008318528532981873e-02 -2.282773330807685852e-02 -1.765026524662971497e-02 -3.891531378030776978e-02 -4.256069660186767578e-02 5.923866108059883118e-02 -2.949403040111064911e-02 -4.340475052595138550e-02 -5.515340715646743774e-02 -4.842975735664367676e-02 -5.079655349254608154e-02 -4.698406159877777100e-02 -3.791139647364616394e-02 -3.199803084135055542e-02 -4.753019660711288452e-02 -4.553724080324172974e-02 -4.719877243041992188e-02 -4.372592642903327942e-02 -5.389776080846786499e-02 -4.689842090010643005e-02 -3.681861236691474915e-02 -4.562776908278465271e-02 -4.353994876146316528e-02 -3.664903342723846436e-02 -3.971355780959129333e-02 -3.857716545462608337e-02 -4.327781870961189270e-02
-2.083582431077957153e-02 -4.306549578905105591e-02 4.304875433444976807e-01 4.063664749264717102e-02 7.083010673522949219e-01 6.440310478210449219e-01 7.035144567489624023e-01 -4.083206132054328918e-02 -3.370488062500953674e-02 7.894405126571655273e-01 3.831382468342781067e-02 6.938721239566802979e-02 1.280103325843811035e+00 7.718884944915771484e-01 -7.272568065673112869e-03 -2.599823474884033203e-02 -5.484280735254287720e-02 4.267198741436004639e-01 7.405346035957336426e-01 7.851125597953796387e-01 -3.313881531357765198e-02 -3.565960749983787537e-02 -4.092704504728317261e-02 8.585201948881149292e-02 2.815229296684265137e-01 1.424336582422256470e-01 1.180212944746017456e-01 1.291985660791397095e-01 -7.190009206533432007e-02 -1.089550182223320007e-01 -7.753017544746398926e-02 -8.871433138847351074e-02 -8.530736714601516724e-02 -9.223852306604385376e-02 -8.703527599573135376e-02 -9.670589119195938110e-02 -8.065158128738403320e-02 -9.450812637805938721e-02 -8.875986933708190918e-02 -1.054622679948806763e-01 -9.366853535175323486e-02 -1.133286356925964355e-01 -1.078137159347534180e-01 -1.156213879585266113e-01 -1.216077357530593872e-01 -1.063947975635528564e-01 -8.710064738988876343e-02 -8.867183327674865723e-02 -1.158066242933273315e-01 -9.463441371917724609e-02 -1.085504889488220215e-01 -1.170638352632522583e-01 -8.820247650146484375e-02 -8.534843474626541138e-02 -7.347264885902404785e-02 -9.854288399219512939e-02 -8.666693419218063354e-02 2.958925627171993256e-02 -1.103571504354476929e-01 -2.126581780612468719e-02 -1.608457863330841064e-01 -1.204251572489738464e-01 -1.312351226806640625e-01 -1.393179148435592651e-01 -1.297826021909713745e-01 -1.055848076939582825e-01 -1.107756868004798889e-01 -7.946407794952392578e-02 -1.085244640707969666e-01 -8.605148643255233765e-02 -9.356527030467987061e-02 -9.299336373805999756e-02 -9.500411152839660645e-02 -8.736962080001831055e-02 -9.320185333490371704e-02 -8.106005191802978516e-02 -8.508257567882537842e-02 -1.004084199666976929e-01 -1.237217262387275696e-01 -9.468076378107070923e-02 -9.771682322025299072e-02 -1.295678168535232544e-01 -1.171926856040954590e-01 1.175981014966964722e-02 -9.670411795377731323e-02 -1.226469203829765320e-01 -1.162963807582855225e-01 -1.224947050213813782e-01 -1.260411143302917480e-01 -1.061045378446578979e-01 -1.366923302412033081e-01 -1.216938123106956482e-01 -1.262089610099792480e-01 -1.293589174747467041e-01 -1.297310143709182739e-01 -1.335931271314620972e-01 -1.363475471735000610e-01 -1.260774880647659302e-01 -1.115186810493469238e-01 -9.806013852357864380e-02 -1.016413047909736633e-01 -1.262443065643310547e-01 -1.117398068308830261e-01 -1.225706562399864197e-01 -1.265200525522232056e-01
-3.483938798308372498e-02 -5.329138785600662231e-02 4.402077198028564453e-01 4.119345173239707947e-02 7.367449998855590820e-01 6.698727011680603027e-01 7.117376923561096191e-01 -3.889248147606849670e-02 -3.388367965817451477e-02 8.039724826812744141e-01 5.007422342896461487e-02 6.349099427461624146e-02 7.718884944915771484e-01 1.314886212348937988e+00 -5.731726530939340591e-03 -3.232617303729057312e-02 -4.812215268611907959e-02 4.650786221027374268e-01 7.865144610404968262e-01 8.162109851837158203e-01 -3.924378752708435059e-02 -4.307108744978904724e-02 -5.236192420125007629e-02 1.103105992078781128e-01 2.955515980720520020e-01 1.550073772668838501e-01 1.354015171527862549e-01 1.469852179288864136e-01 -9.572283923625946045e-02 -1.204907000064849854e-01 -8.674902468919754028e-02 -1.023776829242706299e-01 -1.023499593138694763e-01 -1.113143190741539001e-01 -1.149434670805931091e-01 -1.088890433311462402e-01 -9.513275325298309326e-02 -1.049185991287231445e-01 -1.031681001186370850e-01 -1.139109730720520020e-01 -1.100399270653724670e-01 -1.326563805341720581e-01 -1.144983991980552673e-01 -1.263595670461654663e-01 -1.335139423608779907e-01 -1.303376704454421997e-01 -9.936190396547317505e-02 -1.205439642071723938e-01 -1.309565007686614990e-01 -1.141751930117607117e-01 -1.206437274813652039e-01 -1.120450571179389954e-01 -9.746501594781875610e-02 -9.322281926870346069e-02 -8.592433482408523560e-02 -1.050576046109199524e-01 -8.154636621475219727e-02 4.056231305003166199e-02 -9.756024181842803955e-02 -1.007592864334583282e-02 -1.458513289690017700e-01 -1.139503419399261475e-01 -1.381182074546813965e-01 -1.341883689165115356e-01 -1.255429983139038086e-01 -1.013463735580444336e-01 -9.977076947689056396e-02 -8.084597438573837280e-02 -1.135339587926864624e-01 -8.119954913854598999e-02 -9.327805042266845703e-02 -9.279371052980422974e-02 -9.180365502834320068e-02 -7.877320796251296997e-02 -8.838818222284317017e-02 -7.624539732933044434e-02 -7.995610684156417847e-02 -8.951096981763839722e-02 -1.273684650659561157e-01 -9.526978433132171631e-02 -9.081893414258956909e-02 -1.064109876751899719e-01 -1.264037042856216431e-01 2.190124988555908203e-02 -9.653940051794052124e-02 -1.287275552749633789e-01 -1.154784262180328369e-01 -1.277536153793334961e-01 -1.194825321435928345e-01 -1.087036654353141785e-01 -1.343782097101211548e-01 -1.277147382497787476e-01 -1.241469010710716248e-01 -1.239387616515159607e-01 -1.255002468824386597e-01 -1.280036419630050659e-01 -1.297987997531890869e-01 -1.237294301390647888e-01 -1.080459803342819214e-01 -1.020683571696281433e-01 -9.676545858383178711e-02 -1.170728728175163269e-01 -1.132735013961791992e-01 -1.193879842758178711e-01 -1.183659955859184265e-01
